"","Time","Mg25","Ca43","Ca44","Cr52","Cr53","Mn55","Fe57","Co59","Ni60","Ni62","Cu63","Cu65","Zn66","Zn68","Sr86","Sr88","Sn118","Sn119","Sn120","Ba137","Ba138","Ce140","Pb206","Pb208"
"1",47.6059,2755.40018691589,307423.023364486,8078923.7782243,5033.02523364486,272.902242990654,171.030934579439,2755.57504672897,142.05523364486,145.793551401869,-128.03785046729,257.018878504673,46.7280373831776,650.486542056075,867.337757009346,96549.7461682243,1982268.83803738,150.474579439252,117.755887850467,201.875420560748,2265.61009345794,12974.8381308411,-129.906728971963,-44.8605607476636,172.896822429907
"2",47.889,3555.56018691589,332920.703364486,8744226.1382243,3530.79523364486,-27.1077570093458,671.080934579439,3255.70504672897,42.0552336448598,-154.206448598131,271.97214953271,157.008878504673,46.7280373831776,350.476542056075,967.347757009346,101380.346168224,2208664.54803738,-149.535420560748,117.755887850467,101.875420560748,2765.70009345794,14676.4181308411,70.0932710280374,255.149439252336,72.8968224299066
"3",48.172,2755.40018691589,367354.663364486,9330133.9682243,3931.37523364486,72.9022429906542,271.040934579439,4055.94504672897,242.06523364486,145.793551401869,-128.03785046729,57.0088785046729,-53.2719626168224,150.466542056075,1567.41775700935,111650.296168224,2503618.46803738,-49.5354205607476,-182.244112149533,-98.1345794392524,2265.61009345794,15977.7481308411,170.093271028037,355.149439252336,-27.1031775700934
"4",48.455,4055.68018691589,354573.943364486,9366376.1582243,3530.79523364486,-127.107757009346,-228.989065420561,3055.64504672897,42.0552336448598,145.793551401869,-128.03785046729,457.018878504673,46.7280373831776,650.486542056075,1267.37775700935,117291.546168224,2413686.03803738,50.4645794392524,17.7558878504673,-298.134579439252,2065.58009345794,15877.6381308411,-29.9067289719626,255.149439252336,172.896822429907
"5",48.738,3855.63018691589,389668.113364486,9672861.3182243,5033.02523364486,172.902242990654,571.070934579439,3155.67504672897,-57.9447663551402,-54.2064485981308,71.9621495327103,-42.9911214953271,46.7280373831776,950.506542056075,867.337757009346,111146.706168224,2293562.79803738,250.474579439252,17.7558878504673,101.875420560748,2565.66009345794,16177.9581308411,-129.906728971963,-44.8605607476636,172.896822429907
"6",49.0211,2755.40018691589,378507.593364486,9760222.2582243,827.135233644858,372.912242990654,171.030934579439,3555.78504672897,-57.9447663551402,45.7935514018692,-28.0378504672897,157.008878504673,-53.2719626168224,50.4665420560748,1067.35775700935,122027.746168224,2492382.13803738,50.4645794392524,-82.2441121495327,-98.1345794392524,2265.61009345794,17479.4181308411,-129.906728971963,55.1394392523364,72.8968224299066
"7",49.3041,2155.30018691589,410883.883364486,10865665.2482243,3630.94523364486,-127.107757009346,371.050934579439,4055.94504672897,442.06523364486,245.803551401869,71.9621495327103,-42.9911214953271,46.7280373831776,250.476542056075,767.327757009346,128378.486168224,2666545.41803738,50.4645794392524,-82.2441121495327,1.86542056074762,2965.74009345794,16578.3981308411,-129.906728971963,55.1394392523364,372.906822429907
"8",49.5871,2555.36018691589,415909.963364486,10279745.7082243,2829.80523364486,-227.107757009346,171.030934579439,3955.90504672897,342.06523364486,145.793551401869,-28.0378504672897,157.008878504673,246.738037383178,-49.5334579439252,1267.37775700935,119709.856168224,2514910.45803738,-49.5354205607476,-82.2441121495327,1.86542056074762,3565.87009345794,14876.6081308411,70.0932710280374,255.149439252336,172.896822429907
"9",49.8701,1455.22018691589,397044.403364486,9701040.2282243,3831.23523364486,-227.107757009346,671.080934579439,2855.59504672897,142.05523364486,645.813551401869,-28.0378504672897,-42.9911214953271,46.7280373831776,350.476542056075,767.327757009346,119105.246168224,2486652.83803738,-49.5354205607476,17.7558878504673,101.875420560748,1965.57009345794,17779.7681308411,-129.906728971963,-44.8605607476636,-27.1031775700934
"10",50.1532,1555.23018691589,413653.173364486,10132826.1682243,3731.08523364486,-127.107757009346,1271.16093457944,2755.57504672897,142.05523364486,-154.206448598131,171.96214953271,57.0088785046729,46.7280373831776,250.476542056075,1267.37775700935,114470.676168224,2523184.67803738,50.4645794392524,-182.244112149533,101.875420560748,2465.64009345794,15877.6381308411,-129.906728971963,155.139439252336,-27.1031775700934
"11",50.4362,1355.21018691589,400016.333364486,10084373.8282243,1628.17523364486,-27.1077570093458,571.070934579439,3555.78504672897,242.06523364486,245.803551401869,-28.0378504672897,-42.9911214953271,-53.2719626168224,150.466542056075,567.317757009346,144317.036168224,2660051.27803738,50.4645794392524,-82.2441121495327,501.885420560748,1865.55009345794,17980.0081308411,170.093271028037,-44.8605607476636,-27.1031775700934
"12",50.7192,955.180186915888,408217.573364486,10640720.7182243,2228.97523364486,-127.107757009346,371.050934579439,2755.57504672897,-157.94476635514,345.803551401869,-28.0378504672897,157.008878504673,-53.2719626168224,150.466542056075,1167.36775700935,119709.856168224,2452262.20803738,-49.5354205607476,-182.244112149533,101.875420560748,2465.64009345794,16378.1781308411,-29.9067289719626,355.149439252336,372.906822429907
"13",51.0022,955.180186915888,400016.333364486,10047405.0782243,5333.48523364486,72.9022429906542,-28.9790654205608,3755.84504672897,142.05523364486,245.803551401869,-28.0378504672897,157.008878504673,-53.2719626168224,250.476542056075,267.297757009346,126160.466168224,2551762.40803738,250.474579439252,17.7558878504673,1.86542056074762,2765.70009345794,16978.8481308411,-129.906728971963,-144.860560747664,-27.1031775700934
"14",51.2853,555.150186915888,407909.963364486,10126944.9182243,2228.97523364486,72.9022429906542,71.0309345794392,3955.90504672897,42.0552336448598,45.7935514018692,471.97214953271,157.008878504673,246.738037383178,350.476542056075,1067.35775700935,116082.536168224,2249702.24803738,-49.5354205607476,-82.2441121495327,-198.134579439252,2665.68009345794,13175.0181308411,170.093271028037,55.1394392523364,272.906822429907
"15",51.5683,655.160186915888,315679.923364486,8313228.4782243,1027.39523364486,172.902242990654,971.110934579439,2355.47504672897,42.0552336448598,45.7935514018692,71.9621495327103,-42.9911214953271,146.728037383178,50.4665420560748,767.327757009346,98361.0561682243,2011235.83803738,-49.5354205607476,-82.2441121495327,-198.134579439252,2365.63009345794,13074.9281308411,-29.9067289719626,155.139439252336,472.906822429907
"16",51.8513,255.140186915888,346297.383364486,9080479.2782243,3230.36523364486,172.902242990654,871.100934579439,4055.94504672897,42.0552336448598,-154.206448598131,-28.0378504672897,-42.9911214953271,46.7280373831776,50.4665420560748,1167.36775700935,111549.576168224,2197303.02803738,150.474579439252,17.7558878504673,101.875420560748,2265.61009345794,14676.4181308411,-29.9067289719626,55.1394392523364,-27.1031775700934
"17",52.1343,555.150186915888,346706.003364486,8832424.5782243,526.755233644861,-27.1077570093458,-428.999065420561,2755.57504672897,142.05523364486,45.7935514018692,71.9621495327103,57.0088785046729,146.728037383178,350.476542056075,867.337757009346,107924.156168224,2103393.25803738,150.474579439252,117.755887850467,-98.1345794392524,2865.72009345794,15076.8081308411,70.0932710280374,155.139439252336,72.8968224299066
"18",52.4174,255.140186915888,342824.533364486,9245925.3682243,1027.39523364486,372.912242990654,1371.17093457944,3955.90504672897,-57.9447663551402,-54.2064485981308,-28.0378504672897,157.008878504673,46.7280373831776,-49.5334579439252,467.307757009346,107722.756168224,2283286.03803738,50.4645794392524,-82.2441121495327,-98.1345794392524,2365.63009345794,16077.8481308411,-29.9067289719626,-44.8605607476636,272.906822429907
"19",52.7004,1055.18018691589,346501.703364486,9046395.6782243,4131.67523364486,172.902242990654,-128.979065420561,3055.64504672897,-157.94476635514,245.803551401869,-128.03785046729,57.0088785046729,-53.2719626168224,50.4665420560748,767.327757009346,106917.226168224,2157447.35803738,-249.535420560748,-182.244112149533,1.86542056074762,2665.68009345794,15076.8081308411,170.093271028037,155.139439252336,272.906822429907
"20",52.9834,755.160186915888,354573.943364486,9123971.4582243,1327.78523364486,172.902242990654,-28.9790654205608,2455.50504672897,42.0552336448598,345.803551401869,271.97214953271,57.0088785046729,-53.2719626168224,-49.5334579439252,367.307757009346,107924.156168224,2154290.52803738,250.474579439252,-182.244112149533,-98.1345794392524,3365.83009345794,15477.2181308411,-29.9067289719626,255.149439252336,-27.1031775700934
"21",53.2664,555.150186915888,316189.743364486,8579240.9782243,5033.02523364486,-127.107757009346,371.050934579439,4055.94504672897,-157.94476635514,45.7935514018692,271.97214953271,157.008878504673,46.7280373831776,-49.5334579439252,167.297757009346,102588.236168224,2046321.57803738,-49.5354205607476,-82.2441121495327,-98.1345794392524,3165.78009345794,13675.4681308411,170.093271028037,255.149439252336,-27.1031775700934
"22",53.5494,855.170186915888,320472.873364486,8183235.5082243,2329.11523364486,572.922242990654,-28.9790654205608,2055.41504672897,42.0552336448598,-154.206448598131,-28.0378504672897,-142.991121495327,46.7280373831776,50.4665420560748,-32.7122429906542,99769.9861682243,2104436.22803738,-149.535420560748,-182.244112149533,101.875420560748,1365.49009345794,13475.2881308411,-29.9067289719626,-44.8605607476636,472.906822429907
"23",53.8325,655.160186915888,332818.623364486,8611505.8282243,4432.11523364486,-127.107757009346,771.090934579439,2755.57504672897,142.05523364486,345.803551401869,-28.0378504672897,57.0088785046729,-53.2719626168224,250.476542056075,567.317757009346,98864.2261682243,2088096.18803738,-149.535420560748,-182.244112149533,-98.1345794392524,2165.60009345794,17980.0081308411,-29.9067289719626,-44.8605607476636,-27.1031775700934
"24",54.1155,155.140186915888,333737.273364486,8643915.9782243,2228.97523364486,-127.107757009346,1371.17093457944,2255.45504672897,-57.9447663551402,-54.2064485981308,271.97214953271,57.0088785046729,46.7280373831776,150.466542056075,967.347757009346,100474.496168224,2276666.69803738,-149.535420560748,-82.2441121495327,101.875420560748,3665.90009345794,16077.8481308411,70.0932710280374,55.1394392523364,72.8968224299066
"25",54.3985,755.160186915888,353654.123364486,9154114.4282243,1027.39523364486,-27.1077570093458,971.110934579439,3355.72504672897,-57.9447663551402,45.7935514018692,71.9621495327103,157.008878504673,146.728037383178,50.4665420560748,667.327757009346,104903.596168224,2259492.28803738,50.4645794392524,117.755887850467,-98.1345794392524,2565.66009345794,17779.7681308411,270.103271028037,-44.8605607476636,-127.103177570093
"26",54.6815,855.170186915888,359173.853364486,8932989.4282243,4031.52523364486,72.9022429906542,1071.13093457944,2055.41504672897,242.06523364486,-54.2064485981308,71.9621495327103,-42.9911214953271,146.728037383178,150.466542056075,567.317757009346,115377.326168224,2380324.70803738,150.474579439252,217.765887850467,301.875420560748,2265.61009345794,18981.2481308411,170.093271028037,255.149439252336,72.8968224299066
"27",54.9646,655.160186915888,377688.763364486,9595030.8482243,-1375.50476635514,172.902242990654,1471.18093457944,4356.04504672897,242.06523364486,45.7935514018692,-28.0378504672897,-42.9911214953271,246.738037383178,150.466542056075,367.307757009346,100675.796168224,2113447.55803738,-49.5354205607476,-82.2441121495327,-198.134579439252,4366.09009345794,17379.3081308411,-129.906728971963,155.139439252336,72.8968224299066
"28",55.2476,1255.20018691589,343743.743364486,8861087.8582243,3530.79523364486,272.902242990654,1371.17093457944,5056.29504672897,142.05523364486,545.813551401869,-28.0378504672897,357.018878504673,446.738037383178,50.4665420560748,967.347757009346,106011.066168224,2159672.35803738,-149.535420560748,-82.2441121495327,101.875420560748,3365.83009345794,19381.7581308411,170.093271028037,55.1394392523364,72.8968224299066
"29",55.5306,1555.23018691589,378917.013364486,8984933.1782243,1327.78523364486,72.9022429906542,1471.18093457944,2255.45504672897,242.06523364486,145.793551401869,71.9621495327103,57.0088785046729,-53.2719626168224,150.466542056075,67.2877570093458,103896.886168224,2099137.98803738,-149.535420560748,217.765887850467,-98.1345794392524,2665.68009345794,16478.2881308411,-29.9067289719626,-144.860560747664,72.8968224299066
"30",55.8136,655.160186915888,318127.213364486,8513049.5782243,3530.79523364486,-127.107757009346,671.080934579439,3755.84504672897,142.05523364486,-54.2064485981308,71.9621495327103,157.008878504673,-153.271962616822,150.466542056075,1367.38775700935,107823.456168224,2107203.60803738,-249.535420560748,-182.244112149533,201.875420560748,3065.76009345794,20082.6781308411,-29.9067289719626,-144.860560747664,172.896822429907
"31",56.0967,955.180186915888,344969.433364486,8814806.6082243,2128.84523364486,-27.1077570093458,671.080934579439,2855.59504672897,142.05523364486,-154.206448598131,-28.0378504672897,-42.9911214953271,346.738037383178,-149.533457943925,1067.35775700935,111046.006168224,2234711.03803738,150.474579439252,-82.2441121495327,1.86542056074762,2965.74009345794,18680.8681308411,-29.9067289719626,55.1394392523364,172.896822429907
"32",56.3797,855.170186915888,332614.503364486,8215609.7182243,26.1352336448581,472.912242990654,671.080934579439,4456.07504672897,-157.94476635514,145.793551401869,-28.0378504672897,257.018878504673,-53.2719626168224,50.4665420560748,767.327757009346,107017.916168224,2109859.66803738,450.484579439252,317.765887850467,1.86542056074762,2765.70009345794,19782.2781308411,70.0932710280374,-144.860560747664,72.8968224299066
"33",56.6627,1055.18018691589,340577.783364486,8561440.9782243,526.755233644861,-127.107757009346,371.050934579439,3355.72504672897,-157.94476635514,345.803551401869,-28.0378504672897,-42.9911214953271,146.728037383178,450.476542056075,767.327757009346,104702.236168224,2224420.40803738,-149.535420560748,417.765887850467,-198.134579439252,3665.90009345794,20082.6781308411,-29.9067289719626,55.1394392523364,372.906822429907
"34",56.9457,755.160186915888,353449.733364486,8817449.5782243,3530.79523364486,172.902242990654,1571.20093457944,2555.52504672897,42.0552336448598,-54.2064485981308,71.9621495327103,57.0088785046729,46.7280373831776,-49.5334579439252,867.337757009346,99367.4261682243,2058141.88803738,150.474579439252,-182.244112149533,301.875420560748,2065.58009345794,19081.3781308411,-29.9067289719626,55.1394392523364,272.906822429907
"35",57.2288,555.150186915888,324042.993364486,8229116.7582243,1327.78523364486,372.912242990654,471.060934579439,1855.37504672897,-57.9447663551402,-154.206448598131,71.9621495327103,57.0088785046729,46.7280373831776,50.4665420560748,1067.35775700935,105406.976168224,2180225.87803738,250.474579439252,17.7558878504673,1.86542056074762,3765.92009345794,18981.2481308411,170.093271028037,155.139439252336,272.906822429907
"36",57.5118,955.180186915888,337208.223364486,9091876.1482243,3831.23523364486,-27.1077570093458,1471.18093457944,2655.54504672897,-157.94476635514,345.803551401869,-28.0378504672897,-42.9911214953271,46.7280373831776,250.476542056075,567.317757009346,106111.746168224,2095285.83803738,-49.5354205607476,117.755887850467,1.86542056074762,3365.83009345794,20182.8081308411,270.103271028037,-144.860560747664,172.896822429907
"37",57.7948,1055.18018691589,394995.093364486,9067529.2782243,1327.78523364486,-27.1077570093458,1171.14093457944,3855.87504672897,-57.9447663551402,145.793551401869,-128.03785046729,57.0088785046729,246.738037383178,150.466542056075,867.337757009346,115377.326168224,2297373.14803738,-49.5354205607476,17.7558878504673,101.875420560748,3265.80009345794,20483.2181308411,170.093271028037,55.1394392523364,172.896822429907
"38",58.0778,1255.20018691589,361627.663364486,8611444.8882243,626.885233644858,-27.1077570093458,1771.23093457944,4356.04504672897,-57.9447663551402,345.803551401869,371.97214953271,57.0088785046729,146.728037383178,450.476542056075,867.337757009346,109031.826168224,2242721.18803738,50.4645794392524,217.765887850467,101.875420560748,3065.76009345794,21785.0481308411,70.0932710280374,155.139439252336,-27.1031775700934
"39",58.3609,755.160186915888,367968.383364486,8950098.0182243,226.385233644858,372.912242990654,1271.16093457944,2955.62504672897,442.06523364486,245.803551401869,71.9621495327103,-42.9911214953271,46.7280373831776,450.476542056075,667.327757009346,107219.296168224,2061590.71803738,-49.5354205607476,-82.2441121495327,-298.134579439252,2565.66009345794,23487.6181308411,-29.9067289719626,55.1394392523364,-27.1031775700934
"40",58.6439,555.150186915888,340271.403364486,8781147.2382243,-374.344766355141,72.9022429906542,1071.13093457944,3155.67504672897,342.06523364486,145.793551401869,-28.0378504672897,-142.991121495327,546.748037383178,550.486542056075,1267.37775700935,106313.116168224,2176638.17803738,-149.535420560748,17.7558878504673,101.875420560748,2565.66009345794,22586.2381308411,70.0932710280374,-44.8605607476636,572.916822429907
"41",58.9269,955.180186915888,337412.423364486,8950098.0182243,2228.97523364486,272.902242990654,1571.20093457944,2355.47504672897,142.05523364486,45.7935514018692,171.96214953271,357.018878504673,346.738037383178,350.476542056075,767.327757009346,104702.236168224,2250049.90803738,150.474579439252,117.755887850467,1.86542056074762,3665.90009345794,20983.9081308411,-129.906728971963,55.1394392523364,172.896822429907
"42",59.2099,1055.18018691589,341598.973364486,8756387.8582243,2829.80523364486,172.902242990654,1171.14093457944,1355.29504672897,142.05523364486,545.813551401869,-28.0378504672897,357.018878504673,46.7280373831776,350.476542056075,1967.47775700935,123741.186168224,2239884.27803738,-49.5354205607476,-82.2441121495327,401.885420560748,4666.18009345794,21885.1981308411,-29.9067289719626,155.139439252336,-27.1031775700934
"43",59.493,655.160186915888,368479.833364486,9528136.3182243,3030.08523364486,-27.1077570093458,2071.29093457944,2855.59504672897,-57.9447663551402,145.793551401869,71.9621495327103,57.0088785046729,-53.2719626168224,850.496542056075,1367.38775700935,113966.996168224,2329858.49803738,150.474579439252,117.755887850467,-98.1345794392524,4266.06009345794,23487.6181308411,-29.9067289719626,155.139439252336,-27.1031775700934
"44",59.776,1355.21018691589,382192.773364486,9556497.2482243,3030.08523364486,372.912242990654,1171.14093457944,2855.59504672897,-57.9447663551402,245.803551401869,71.9621495327103,157.008878504673,246.738037383178,350.476542056075,1167.36775700935,118903.716168224,2481715.92803738,250.474579439252,-82.2441121495327,201.875420560748,2965.74009345794,25691.2181308411,-129.906728971963,55.1394392523364,472.906822429907
"45",60.059,1655.24018691589,386083.643364486,9884892.5682243,727.015233644859,172.902242990654,771.090934579439,4055.94504672897,142.05523364486,345.803551401869,-128.03785046729,57.0088785046729,46.7280373831776,950.506542056075,1067.35775700935,126462.906168224,2411725.29803738,-49.5354205607476,-82.2441121495327,201.875420560748,3165.78009345794,26793.1381308411,70.0932710280374,255.149439252336,-27.1031775700934
"46",60.342,1355.21018691589,365309.083364486,9245270.6882243,4632.41523364486,-127.107757009346,1371.17093457944,3955.90504672897,-157.94476635514,-154.206448598131,71.9621495327103,-42.9911214953271,46.7280373831776,450.476542056075,867.337757009346,97757.2661682243,2095438.76803738,250.474579439252,-182.244112149533,-98.1345794392524,2765.70009345794,18780.9981308411,70.0932710280374,-44.8605607476636,72.8968224299066
"47",60.625,555.150186915888,314456.393364486,7993623.7782243,426.635233644858,72.9022429906542,371.050934579439,2755.57504672897,242.06523364486,345.803551401869,-28.0378504672897,-42.9911214953271,-53.2719626168224,250.476542056075,1267.37775700935,108729.726168224,2285622.36803738,-49.5354205607476,-182.244112149533,301.875420560748,3265.80009345794,25390.7081308411,-29.9067289719626,255.149439252336,272.906822429907
"48",60.9081,1855.26018691589,367047.803364486,9529433.9682243,3130.22523364486,272.902242990654,271.040934579439,4356.04504672897,-57.9447663551402,445.803551401869,271.97214953271,-42.9911214953271,346.738037383178,450.476542056075,1467.40775700935,111549.576168224,2436242.09803738,150.474579439252,17.7558878504673,401.885420560748,3165.78009345794,23687.9281308411,-29.9067289719626,55.1394392523364,172.896822429907
"49",61.1911,855.170186915888,358867.163364486,8627910.5182243,3030.08523364486,72.9022429906542,1071.13093457944,5056.29504672897,42.0552336448598,-54.2064485981308,-128.03785046729,57.0088785046729,146.728037383178,1450.54654205607,2167.50775700935,110743.856168224,2435268.65803738,-149.535420560748,-82.2441121495327,201.875420560748,4666.18009345794,25090.2081308411,-29.9067289719626,255.149439252336,172.896822429907
"50",61.4741,655.160186915888,352223.383364486,9017173.8082243,3731.08523364486,-27.1077570093458,1571.20093457944,2555.52504672897,-57.9447663551402,-154.206448598131,-28.0378504672897,157.008878504673,-53.2719626168224,850.496542056075,1767.44775700935,103796.196168224,2140147.74803738,450.484579439252,-82.2441121495327,401.885420560748,3165.78009345794,22385.9381308411,-29.9067289719626,455.149439252336,172.896822429907
"51",61.7571,955.180186915888,350281.883364486,9082322.2382243,426.635233644858,-127.107757009346,671.080934579439,3755.84504672897,-157.94476635514,145.793551401869,71.9621495327103,157.008878504673,46.7280373831776,550.486542056075,1267.37775700935,120818.366168224,2442291.50803738,-49.5354205607476,117.755887850467,501.885420560748,3665.90009345794,29097.4181308411,-129.906728971963,55.1394392523364,372.906822429907
"52",62.0402,1155.19018691589,406884.613364486,9940243.3582243,3430.65523364486,72.9022429906542,2271.33093457944,3855.87504672897,42.0552336448598,-54.2064485981308,-28.0378504672897,57.0088785046729,46.7280373831776,150.466542056075,1267.37775700935,117090.046168224,2447144.82803738,50.4645794392524,117.755887850467,1.86542056074762,2965.74009345794,24389.0481308411,170.093271028037,255.149439252336,172.896822429907
"53",62.3232,1055.18018691589,376255.933364486,9760901.1682243,1728.30523364486,-127.107757009346,1071.13093457944,3355.72504672897,-57.9447663551402,-154.206448598131,-28.0378504672897,257.018878504673,-53.2719626168224,450.476542056075,1367.38775700935,117593.816168224,2326465.33803738,150.474579439252,417.765887850467,501.885420560748,3565.87009345794,27093.6781308411,370.103271028037,-44.8605607476636,472.906822429907
"54",62.6062,1055.18018691589,389053.583364486,9746884.7582243,2629.52523364486,172.902242990654,1271.16093457944,3455.75504672897,242.06523364486,345.803551401869,71.9621495327103,57.0088785046729,246.738037383178,450.476542056075,2067.48775700935,120213.716168224,2440998.14803738,350.474579439252,117.755887850467,101.875420560748,3765.92009345794,26192.0781308411,170.093271028037,255.149439252336,372.906822429907
"55",62.8892,555.150186915888,386902.883364486,9556605.8482243,3731.08523364486,-227.107757009346,1371.17093457944,3755.84504672897,242.06523364486,245.803551401869,-28.0378504672897,257.018878504673,146.728037383178,950.506542056075,1267.37775700935,108931.126168224,2241650.29803738,550.484579439252,117.755887850467,201.875420560748,3965.98009345794,22285.7881308411,-29.9067289719626,255.149439252336,372.906822429907
"56",63.1723,1655.24018691589,360911.933364486,9321283.1882243,2629.52523364486,-127.107757009346,971.110934579439,3755.84504672897,142.05523364486,545.813551401869,-28.0378504672897,357.018878504673,-153.271962616822,1150.51654205607,667.327757009346,103695.536168224,2101724.50803738,50.4645794392524,117.755887850467,301.875420560748,3065.76009345794,23287.2981308411,70.0932710280374,-44.8605607476636,572.916822429907
"57",63.4553,1655.24018691589,344356.593364486,8498099.5782243,5633.95523364486,-227.107757009346,971.110934579439,3555.78504672897,242.06523364486,45.7935514018692,71.9621495327103,57.0088785046729,46.7280373831776,750.496542056075,2567.57775700935,112153.896168224,2277570.60803738,50.4645794392524,217.765887850467,401.885420560748,3965.98009345794,24489.2081308411,270.103271028037,-144.860560747664,172.896822429907
"58",63.7383,1155.19018691589,398479.053364486,9760962.0982243,3630.94523364486,-27.1077570093458,771.090934579439,2455.50504672897,142.05523364486,-54.2064485981308,-28.0378504672897,257.018878504673,46.7280373831776,1250.52654205607,2267.52775700935,124043.576168224,2399418.06803738,250.474579439252,17.7558878504673,701.895420560748,3765.92009345794,23687.9281308411,-129.906728971963,155.139439252336,-127.103177570093
"59",64.0213,955.180186915888,355800.483364486,9372705.0582243,2228.97523364486,-27.1077570093458,1271.16093457944,2555.52504672897,-157.94476635514,-154.206448598131,-28.0378504672897,57.0088785046729,46.7280373831776,750.496542056075,1467.40775700935,101179.046168224,2123237.59803738,350.474579439252,117.755887850467,-298.134579439252,4066.00009345794,20883.7681308411,-129.906728971963,-44.8605607476636,472.906822429907
"60",64.3044,1955.27018691589,340067.183364486,8583544.8882243,927.265233644859,172.902242990654,571.070934579439,2855.59504672897,-157.94476635514,45.7935514018692,-28.0378504672897,257.018878504673,-153.271962616822,650.486542056075,967.347757009346,101883.626168224,2000639.15803738,250.474579439252,17.7558878504673,701.895420560748,2965.74009345794,21684.9081308411,-29.9067289719626,-44.8605607476636,72.8968224299066
"61",64.5874,1055.18018691589,330573.243364486,8213269.8782243,3230.36523364486,172.902242990654,1071.13093457944,2555.52504672897,242.06523364486,445.803551401869,271.97214953271,357.018878504673,46.7280373831776,950.506542056075,1267.37775700935,101883.626168224,2086371.96803738,550.484579439252,17.7558878504673,1101.92542056075,3565.87009345794,22185.6381308411,270.103271028037,555.159439252336,672.916822429907
"62",64.8704,3455.54018691589,346910.323364486,8437655.8182243,2829.80523364486,172.902242990654,1971.27093457944,3655.81504672897,142.05523364486,-154.206448598131,71.9621495327103,457.018878504673,46.7280373831776,1450.54654205607,3167.70775700935,105306.306168224,2433530.37803738,650.494579439252,617.775887850467,1601.98542056075,3565.87009345794,22886.6881308411,-29.9067289719626,255.149439252336,572.916822429907
"63",65.1534,2155.30018691589,357844.873364486,8780407.3882243,3731.08523364486,72.9022429906542,2871.46093457944,4256.00504672897,42.0552336448598,45.7935514018692,71.9621495327103,57.0088785046729,146.728037383178,1950.60654205607,1767.44775700935,107319.986168224,2245558.10803738,150.474579439252,117.755887850467,1101.92542056075,3565.87009345794,23086.9981308411,-29.9067289719626,355.149439252336,1372.97682242991
"64",65.4365,2055.29018691589,360707.443364486,8926708.9582243,5233.33523364486,-27.1077570093458,1971.27093457944,4055.94504672897,142.05523364486,245.803551401869,371.97214953271,-42.9911214953271,246.738037383178,1550.55654205607,2467.55775700935,117392.316168224,2483565.53803738,350.474579439252,217.765887850467,1001.92542056075,4366.09009345794,25490.8781308411,-129.906728971963,255.149439252336,472.906822429907
"65",65.7195,1955.27018691589,405654.243364486,9675419.9082243,5333.48523364486,472.912242990654,1171.14093457944,3655.81504672897,142.05523364486,245.803551401869,-28.0378504672897,157.008878504673,-53.2719626168224,1150.51654205607,2067.48775700935,110844.576168224,2272453.02803738,250.474579439252,117.755887850467,1.86542056074762,4766.21009345794,26292.2581308411,-29.9067289719626,355.149439252336,372.906822429907
"66",66.0025,2255.32018691589,363468.263364486,9266307.3982243,727.015233644859,-27.1077570093458,2571.39093457944,2055.41504672897,42.0552336448598,45.7935514018692,-28.0378504672897,57.0088785046729,-53.2719626168224,1450.54654205607,967.347757009346,104802.916168224,2240746.38803738,350.474579439252,217.765887850467,101.875420560748,2765.70009345794,25691.2181308411,-129.906728971963,455.149439252336,872.926822429907
"67",66.2855,1655.24018691589,362036.663364486,9076587.0882243,4131.67523364486,-127.107757009346,1571.20093457944,3955.90504672897,42.0552336448598,245.803551401869,-128.03785046729,257.018878504673,246.738037383178,850.496542056075,1067.35775700935,103997.536168224,2260924.50803738,350.474579439252,317.765887850467,-98.1345794392524,3765.92009345794,19982.5481308411,170.093271028037,255.149439252336,172.896822429907
"68",66.5686,1155.19018691589,333737.273364486,8604594.1082243,2228.97523364486,72.9022429906542,371.050934579439,2255.45504672897,-157.94476635514,245.803551401869,-128.03785046729,-42.9911214953271,146.728037383178,1050.51654205607,1967.47775700935,97556.0061682243,2033193.84803738,50.4645794392524,17.7558878504673,1.86542056074762,2765.70009345794,25090.2081308411,-29.9067289719626,155.139439252336,172.896822429907
"69",66.8516,655.160186915888,361729.903364486,9271642.5582243,426.635233644858,72.9022429906542,171.030934579439,3455.75504672897,42.0552336448598,-54.2064485981308,-28.0378504672897,257.018878504673,-153.271962616822,950.506542056075,1267.37775700935,124245.176168224,2533739.75803738,-49.5354205607476,217.765887850467,101.875420560748,4666.18009345794,25691.2181308411,70.0932710280374,-44.8605607476636,672.916822429907
"70",67.1346,1455.22018691589,402783.813364486,10336769.9282243,2529.38523364486,72.9022429906542,571.070934579439,3055.64504672897,-157.94476635514,145.793551401869,171.96214953271,757.038878504673,146.728037383178,750.496542056075,1067.35775700935,128076.006168224,2445017.09803738,-149.535420560748,-82.2441121495327,301.875420560748,3865.95009345794,27794.9581308411,70.0932710280374,155.139439252336,72.8968224299066
"71",67.4176,1655.24018691589,408832.833364486,10153583.9882243,4131.67523364486,72.9022429906542,1671.22093457944,4055.94504672897,342.06523364486,45.7935514018692,-128.03785046729,257.018878504673,-53.2719626168224,550.486542056075,1367.38775700935,131403.546168224,2751151.86803738,-49.5354205607476,-182.244112149533,-198.134579439252,3765.92009345794,24789.7081308411,-29.9067289719626,55.1394392523364,72.8968224299066
"72",67.7006,655.160186915888,394892.653364486,9845862.1082243,4231.81523364486,-127.107757009346,1071.13093457944,3455.75504672897,-57.9447663551402,-54.2064485981308,-28.0378504672897,257.018878504673,46.7280373831776,250.476542056075,1267.37775700935,120919.136168224,2390198.14803738,150.474579439252,17.7558878504673,-198.134579439252,2965.74009345794,26392.4281308411,-129.906728971963,-44.8605607476636,-127.103177570093
"73",67.9837,655.160186915888,376153.583364486,9538042.5682243,1828.43523364486,-227.107757009346,971.110934579439,2255.45504672897,342.06523364486,345.803551401869,-128.03785046729,57.0088785046729,246.738037383178,250.476542056075,867.337757009346,109736.766168224,2190808.68803738,-49.5354205607476,217.765887850467,1.86542056074762,3065.76009345794,27294.0381308411,-29.9067289719626,-44.8605607476636,372.906822429907
"74",68.2667,1155.19018691589,350179.713364486,8848659.7382243,-474.46476635514,672.922242990654,1071.13093457944,3455.75504672897,42.0552336448598,45.7935514018692,-128.03785046729,57.0088785046729,46.7280373831776,1050.51654205607,1067.35775700935,107219.296168224,2203880.75803738,-149.535420560748,17.7558878504673,-98.1345794392524,3365.83009345794,27193.8581308411,-29.9067289719626,-44.8605607476636,172.896822429907
"75",68.5497,1555.23018691589,356107.103364486,8668311.2982243,1528.04523364486,-127.107757009346,871.100934579439,2855.59504672897,142.05523364486,245.803551401869,271.97214953271,257.018878504673,246.738037383178,1250.52654205607,2167.50775700935,119609.076168224,2518025.49803738,50.4645794392524,-82.2441121495327,301.875420560748,3565.87009345794,27995.3281308411,-29.9067289719626,155.139439252336,572.916822429907
"76",68.8327,2055.29018691589,396532.053364486,10238919.9282243,1327.78523364486,272.902242990654,1471.18093457944,3755.84504672897,42.0552336448598,-54.2064485981308,-128.03785046729,357.018878504673,-53.2719626168224,550.486542056075,1767.44775700935,115780.306168224,2417329.59803738,-49.5354205607476,117.755887850467,401.885420560748,3065.76009345794,25991.7281308411,-29.9067289719626,-144.860560747664,-27.1031775700934
"77",69.1158,1555.23018691589,364081.833364486,8780808.1782243,927.265233644859,-127.107757009346,971.110934579439,2955.62504672897,242.06523364486,-154.206448598131,-128.03785046729,-42.9911214953271,-53.2719626168224,350.476542056075,1567.41775700935,106514.486168224,2181922.55803738,50.4645794392524,-82.2441121495327,301.875420560748,3265.80009345794,20883.7681308411,-29.9067289719626,-44.8605607476636,72.8968224299066
"78",69.3988,1655.24018691589,335574.753364486,8469351.1382243,4832.72523364486,372.912242990654,71.0309345794392,3555.78504672897,-57.9447663551402,-54.2064485981308,71.9621495327103,57.0088785046729,-53.2719626168224,350.476542056075,1867.45775700935,104802.916168224,2159185.64803738,50.4645794392524,117.755887850467,101.875420560748,2765.70009345794,21184.1881308411,70.0932710280374,55.1394392523364,172.896822429907
"79",69.6818,1455.22018691589,347625.463364486,8531686.2882243,3030.08523364486,172.902242990654,1271.16093457944,2755.57504672897,142.05523364486,-54.2064485981308,-28.0378504672897,257.018878504673,-53.2719626168224,750.496542056075,1267.37775700935,100575.146168224,2107732.12803738,50.4645794392524,117.755887850467,301.875420560748,3765.92009345794,21484.6181308411,-29.9067289719626,-44.8605607476636,-27.1031775700934
"80",69.9649,1055.18018691589,322716.863364486,7889651.1182243,3030.08523364486,-27.1077570093458,1171.14093457944,1955.39504672897,142.05523364486,-154.206448598131,-28.0378504672897,57.0088785046729,146.728037383178,850.496542056075,1567.41775700935,100071.916168224,2160603.99803738,-49.5354205607476,-82.2441121495327,101.875420560748,2665.68009345794,19081.3781308411,70.0932710280374,-144.860560747664,-27.1031775700934
"81",70.2479,1455.22018691589,348544.943364486,8990983.9582243,3130.22523364486,-127.107757009346,871.100934579439,3455.75504672897,142.05523364486,545.813551401869,-128.03785046729,-42.9911214953271,146.728037383178,1050.51654205607,967.347757009346,119810.616168224,2384246.19803738,-249.535420560748,117.755887850467,-98.1345794392524,4066.00009345794,24689.5381308411,70.0932710280374,-44.8605607476636,172.896822429907
"82",70.5309,1055.18018691589,355902.683364486,9429887.0982243,2429.24523364486,-27.1077570093458,971.110934579439,3255.70504672897,242.06523364486,-54.2064485981308,171.96214953271,357.018878504673,46.7280373831776,650.486542056075,2067.48775700935,113966.996168224,2206244.82803738,350.474579439252,117.755887850467,-198.134579439252,3565.87009345794,22385.9381308411,-129.906728971963,55.1394392523364,-127.103177570093
"83",70.8139,755.160186915888,369502.783364486,9615303.5082243,3030.08523364486,272.902242990654,-28.9790654205608,2355.47504672897,-57.9447663551402,345.803551401869,171.96214953271,657.028878504673,146.728037383178,150.466542056075,867.337757009346,109938.176168224,2243694.62803738,250.474579439252,-82.2441121495327,-98.1345794392524,4166.03009345794,26192.0781308411,70.0932710280374,55.1394392523364,372.906822429907
"84",71.0969,1755.25018691589,338229.223364486,8885240.9882243,927.265233644859,-27.1077570093458,871.100934579439,3755.84504672897,-157.94476635514,345.803551401869,-28.0378504672897,57.0088785046729,146.728037383178,-149.533457943925,1167.36775700935,112355.346168224,2370993.45803738,-149.535420560748,-82.2441121495327,-98.1345794392524,3165.78009345794,23687.9281308411,70.0932710280374,-44.8605607476636,272.906822429907
"85",71.38,1355.21018691589,363877.313364486,9011911.3082243,2429.24523364486,72.9022429906542,971.110934579439,3855.87504672897,42.0552336448598,245.803551401869,171.96214953271,157.008878504673,46.7280373831776,150.466542056075,967.347757009346,104802.916168224,2278655.17803738,550.484579439252,17.7558878504673,301.875420560748,3865.95009345794,20483.2181308411,-29.9067289719626,-44.8605607476636,272.906822429907
"86",71.663,1155.19018691589,372776.683364486,9967039.4482243,-674.69476635514,-127.107757009346,1171.14093457944,2555.52504672897,142.05523364486,-54.2064485981308,71.9621495327103,457.018878504673,146.728037383178,650.486542056075,1167.36775700935,113060.416168224,2403589.94803738,150.474579439252,217.765887850467,101.875420560748,4066.00009345794,24088.5681308411,-129.906728971963,-44.8605607476636,472.906822429907
"87",71.946,1055.18018691589,368786.713364486,9773026.9482243,2529.38523364486,372.912242990654,1271.16093457944,3055.64504672897,-57.9447663551402,45.7935514018692,-28.0378504672897,157.008878504673,-153.271962616822,250.476542056075,667.327757009346,124950.776168224,2350078.22803738,-49.5354205607476,117.755887850467,-98.1345794392524,4766.21009345794,24088.5681308411,70.0932710280374,-44.8605607476636,-127.103177570093
"88",72.229,1755.25018691589,362138.933364486,9598219.1282243,2228.97523364486,-27.1077570093458,471.060934579439,3155.67504672897,42.0552336448598,245.803551401869,-28.0378504672897,157.008878504673,-53.2719626168224,-49.5334579439252,1367.38775700935,115578.816168224,2409069.04803738,50.4645794392524,-182.244112149533,201.875420560748,4366.09009345794,26793.1381308411,-129.906728971963,-44.8605607476636,-127.103177570093
"89",72.5121,255.140186915888,405654.243364486,10322001.1782243,727.015233644859,72.9022429906542,971.110934579439,3555.78504672897,-57.9447663551402,145.793551401869,171.96214953271,157.008878504673,-153.271962616822,150.466542056075,1667.42775700935,119407.536168224,2431180.17803738,250.474579439252,-82.2441121495327,-298.134579439252,2865.72009345794,25390.7081308411,70.0932710280374,-44.8605607476636,272.906822429907
"90",72.7951,655.160186915888,379838.253364486,9914174.6082243,1528.04523364486,272.902242990654,471.060934579439,3255.70504672897,242.06523364486,-54.2064485981308,71.9621495327103,257.018878504673,-53.2719626168224,50.4665420560748,1767.44775700935,108830.426168224,2312086.03803738,250.474579439252,-82.2441121495327,-298.134579439252,4766.21009345794,23788.0881308411,370.103271028037,-144.860560747664,272.906822429907
"91",73.0781,1255.20018691589,359991.743364486,9322665.2182243,1928.57523364486,-127.107757009346,471.060934579439,4055.94504672897,-57.9447663551402,-54.2064485981308,271.97214953271,257.018878504673,246.738037383178,150.466542056075,867.337757009346,114067.736168224,2330929.19803738,-149.535420560748,17.7558878504673,101.875420560748,2765.70009345794,25490.8781308411,-29.9067289719626,55.1394392523364,272.906822429907
"92",73.3611,855.170186915888,393765.643364486,10493716.8082243,1628.17523364486,-127.107757009346,-28.9790654205608,4155.97504672897,42.0552336448598,345.803551401869,371.97214953271,-42.9911214953271,-53.2719626168224,150.466542056075,1367.38775700935,138161.626168224,2693774.12803738,350.474579439252,17.7558878504673,301.875420560748,3765.92009345794,25691.2181308411,-29.9067289719626,155.139439252336,-127.103177570093
"93",73.6442,1755.25018691589,434283.783364486,10780862.1282243,426.635233644858,-27.1077570093458,1471.18093457944,4256.00504672897,-57.9447663551402,-54.2064485981308,-28.0378504672897,57.0088785046729,146.728037383178,150.466542056075,1067.35775700935,132714.596168224,2785820.42803738,-249.535420560748,-82.2441121495327,1.86542056074762,4766.21009345794,27594.5881308411,70.0932710280374,55.1394392523364,472.906822429907
"94",73.9272,1055.18018691589,414063.473364486,10625782.4382243,827.135233644858,472.912242990654,471.060934579439,4656.14504672897,42.0552336448598,245.803551401869,271.97214953271,57.0088785046729,46.7280373831776,-149.533457943925,567.317757009346,127773.546168224,2477279.78803738,-49.5354205607476,-82.2441121495327,201.875420560748,4466.12009345794,26091.9081308411,-129.906728971963,155.139439252336,72.8968224299066
"95",74.2102,955.180186915888,405859.303364486,10336284.7682243,3430.65523364486,372.912242990654,1871.25093457944,2155.43504672897,-57.9447663551402,145.793551401869,171.96214953271,57.0088785046729,-53.2719626168224,250.476542056075,1067.35775700935,114269.196168224,2226979.19803738,-249.535420560748,17.7558878504673,-98.1345794392524,4466.12009345794,20883.7681308411,-29.9067289719626,55.1394392523364,172.896822429907
"96",74.4932,1255.20018691589,363366.013364486,9244543.3382243,2228.97523364486,72.9022429906542,71.0309345794392,4456.07504672897,142.05523364486,45.7935514018692,-28.0378504672897,257.018878504673,-53.2719626168224,-49.5334579439252,967.347757009346,114067.736168224,2345572.55803738,-149.535420560748,-82.2441121495327,-98.1345794392524,3265.80009345794,21985.3381308411,-129.906728971963,155.139439252336,172.896822429907
"97",74.7762,1155.19018691589,380042.993364486,9501194.9082243,1928.57523364486,272.902242990654,371.050934579439,3855.87504672897,242.06523364486,-54.2064485981308,171.96214953271,157.008878504673,246.738037383178,150.466542056075,1567.41775700935,112153.896168224,2249896.77803738,-149.535420560748,17.7558878504673,1.86542056074762,3465.85009345794,23086.9981308411,-29.9067289719626,55.1394392523364,-127.103177570093
"98",75.0593,1455.22018691589,348953.613364486,9331286.3082243,3030.08523364486,272.902242990654,671.080934579439,4155.97504672897,-57.9447663551402,-54.2064485981308,-28.0378504672897,57.0088785046729,146.728037383178,-49.5334579439252,1067.35775700935,115679.556168224,2365097.16803738,350.474579439252,-82.2441121495327,-98.1345794392524,3665.90009345794,24689.5381308411,70.0932710280374,55.1394392523364,272.906822429907
"99",75.3423,955.180186915888,413858.343364486,9743962.8782243,2429.24523364486,72.9022429906542,771.090934579439,3355.72504672897,-57.9447663551402,45.7935514018692,-28.0378504672897,57.0088785046729,-153.271962616822,-49.5334579439252,867.337757009346,126765.356168224,2698377.25803738,50.4645794392524,217.765887850467,201.875420560748,2965.74009345794,26592.7881308411,-29.9067289719626,55.1394392523364,-127.103177570093
"100",75.6253,1055.18018691589,476549.803364486,12060954.3382243,2228.97523364486,-27.1077570093458,1671.22093457944,3355.72504672897,-57.9447663551402,45.7935514018692,-128.03785046729,-42.9911214953271,146.728037383178,150.466542056075,1367.38775700935,131000.176168224,2748593.07803738,50.4645794392524,117.755887850467,201.875420560748,2965.74009345794,23988.4081308411,170.093271028037,-144.860560747664,-127.103177570093
"101",75.9083,355.150186915888,425966.843364486,11136369.1682243,4732.57523364486,172.902242990654,471.060934579439,2555.52504672897,142.05523364486,245.803551401869,71.9621495327103,-42.9911214953271,-53.2719626168224,50.4665420560748,667.327757009346,106514.486168224,2325255.37803738,150.474579439252,217.765887850467,1.86542056074762,3265.80009345794,21184.1881308411,70.0932710280374,-44.8605607476636,-27.1031775700934
"102",76.1914,655.160186915888,359787.273364486,9538321.4682243,1027.39523364486,172.902242990654,671.080934579439,2455.50504672897,142.05523364486,145.793551401869,71.9621495327103,-42.9911214953271,46.7280373831776,250.476542056075,367.307757009346,107219.296168224,2199541.89803738,50.4645794392524,-82.2441121495327,101.875420560748,2565.66009345794,18680.8681308411,70.0932710280374,255.149439252336,-127.103177570093
"103",76.4744,1155.19018691589,363161.473364486,9272733.9682243,727.015233644859,172.902242990654,771.090934579439,4656.14504672897,242.06523364486,445.803551401869,71.9621495327103,-42.9911214953271,46.7280373831776,-49.5334579439252,667.327757009346,108528.326168224,2240746.38803738,350.474579439252,17.7558878504673,201.875420560748,4066.00009345794,19982.5481308411,-29.9067289719626,55.1394392523364,172.896822429907
"104",76.7574,855.170186915888,364593.183364486,9894168.3582243,3430.65523364486,-27.1077570093458,171.030934579439,2855.59504672897,-57.9447663551402,145.793551401869,71.9621495327103,257.018878504673,-53.2719626168224,350.476542056075,1267.37775700935,118702.196168224,2283258.29803738,-49.5354205607476,-82.2441121495327,301.875420560748,3765.92009345794,22586.2381308411,70.0932710280374,-144.860560747664,-27.1031775700934
"105",77.0405,655.160186915888,410063.423364486,10056607.4182243,2629.52523364486,72.9022429906542,71.0309345794392,3955.90504672897,42.0552336448598,45.7935514018692,71.9621495327103,57.0088785046729,146.728037383178,-49.5334579439252,1167.36775700935,111650.296168224,2376695.02803738,150.474579439252,17.7558878504673,201.875420560748,2565.66009345794,20983.9081308411,-129.906728971963,-44.8605607476636,172.896822429907
"106",77.3235,455.150186915888,409243.043364486,10593408.9982243,626.885233644858,372.912242990654,271.040934579439,3155.67504672897,42.0552336448598,45.7935514018692,71.9621495327103,157.008878504673,46.7280373831776,-49.5334579439252,367.307757009346,120415.266168224,2374289.35803738,50.4645794392524,17.7558878504673,-198.134579439252,2665.68009345794,20683.4881308411,370.103271028037,55.1394392523364,-27.1031775700934
"107",77.6065,555.150186915888,388643.893364486,10040335.5482243,2729.66523364486,-127.107757009346,471.060934579439,3455.75504672897,242.06523364486,-54.2064485981308,71.9621495327103,-142.991121495327,146.728037383178,50.4665420560748,567.317757009346,120516.036168224,2565070.80803738,250.474579439252,517.775887850467,-198.134579439252,3865.95009345794,22385.9381308411,-129.906728971963,255.149439252336,-127.103177570093
"108",77.8895,355.150186915888,398274.093364486,10679205.8682243,1127.52523364486,72.9022429906542,1271.16093457944,3355.72504672897,-57.9447663551402,-54.2064485981308,171.96214953271,-42.9911214953271,-153.271962616822,250.476542056075,667.327757009346,123841.976168224,2473344.43803738,-149.535420560748,-82.2441121495327,201.875420560748,1965.57009345794,18680.8681308411,70.0932710280374,-144.860560747664,72.8968224299066
"109",78.1725,655.160186915888,402476.263364486,10239817.5782243,3130.22523364486,272.902242990654,771.090934579439,4256.00504672897,42.0552336448598,145.793551401869,71.9621495327103,-42.9911214953271,46.7280373831776,250.476542056075,967.347757009346,102487.566168224,2299792.87803738,250.474579439252,17.7558878504673,101.875420560748,2765.70009345794,18280.3781308411,-29.9067289719626,155.139439252336,172.896822429907
"110",78.4556,355.150186915888,406166.873364486,10243358.2082243,1427.90523364486,-327.107757009346,571.070934579439,3655.81504672897,42.0552336448598,45.7935514018692,171.96214953271,257.018878504673,46.7280373831776,450.476542056075,1367.38775700935,112758.246168224,2332236.42803738,250.474579439252,-82.2441121495327,501.885420560748,3165.78009345794,21284.3381308411,270.103271028037,155.139439252336,-127.103177570093
"111",78.7386,255.140186915888,351303.703364486,9243451.9382243,3630.94523364486,-27.1077570093458,1171.14093457944,2955.62504672897,142.05523364486,45.7935514018692,-28.0378504672897,-142.991121495327,246.738037383178,-49.5334579439252,1067.35775700935,105608.346168224,2146989.74803738,450.484579439252,17.7558878504673,-98.1345794392524,3265.80009345794,20082.6781308411,70.0932710280374,-144.860560747664,272.906822429907
"112",79.0216,1155.19018691589,354982.783364486,9128615.2082243,5333.48523364486,72.9022429906542,571.070934579439,2555.52504672897,42.0552336448598,-54.2064485981308,-128.03785046729,57.0088785046729,346.738037383178,50.4665420560748,367.307757009346,102890.216168224,2192115.91803738,-49.5354205607476,-82.2441121495327,1.86542056074762,3565.87009345794,20383.0781308411,70.0932710280374,-44.8605607476636,172.896822429907
"113",79.3046,555.150186915888,369707.393364486,9473609.7482243,3130.22523364486,172.902242990654,1071.13093457944,3355.72504672897,-57.9447663551402,-54.2064485981308,-28.0378504672897,57.0088785046729,-153.271962616822,550.486542056075,867.337757009346,118399.896168224,2321890.13803738,250.474579439252,217.765887850467,1.86542056074762,3665.90009345794,20983.9081308411,-29.9067289719626,55.1394392523364,-27.1031775700934
"114",79.5877,755.160186915888,387107.683364486,9611229.2882243,126.265233644859,72.9022429906542,371.050934579439,4256.00504672897,442.06523364486,45.7935514018692,-28.0378504672897,-142.991121495327,246.738037383178,250.476542056075,1167.36775700935,109434.636168224,2228550.48803738,-49.5354205607476,17.7558878504673,101.875420560748,2665.68009345794,22586.2381308411,-29.9067289719626,-144.860560747664,-27.1031775700934
"115",79.8707,755.160186915888,365615.893364486,8738551.9182243,4532.26523364486,-27.1077570093458,871.100934579439,3655.81504672897,42.0552336448598,45.7935514018692,171.96214953271,157.008878504673,346.738037383178,-49.5334579439252,1067.35775700935,103594.866168224,2134154.19803738,150.474579439252,417.765887850467,101.875420560748,3965.98009345794,20483.2181308411,270.103271028037,255.149439252336,-27.1031775700934
"116",80.1537,555.150186915888,347318.963364486,9208847.2482243,1528.04523364486,72.9022429906542,571.070934579439,2755.57504672897,442.06523364486,-54.2064485981308,-28.0378504672897,357.018878504673,146.728037383178,-49.5334579439252,567.317757009346,99568.7061682243,2215701.07803738,50.4645794392524,117.755887850467,201.875420560748,1865.55009345794,24489.2081308411,-129.906728971963,355.149439252336,172.896822429907
"117",80.4367,1055.18018691589,350690.593364486,9042139.4282243,126.265233644859,572.922242990654,671.080934579439,5056.29504672897,-57.9447663551402,45.7935514018692,171.96214953271,457.018878504673,46.7280373831776,-49.5334579439252,1267.37775700935,112556.796168224,2214449.50803738,-249.535420560748,117.755887850467,1.86542056074762,3465.85009345794,20383.0781308411,170.093271028037,-144.860560747664,72.8968224299066
"118",80.7198,655.160186915888,388746.313364486,9630775.3782243,2629.52523364486,72.9022429906542,271.040934579439,2755.57504672897,342.06523364486,-154.206448598131,371.97214953271,-42.9911214953271,146.728037383178,250.476542056075,1667.42775700935,113161.156168224,2474234.28803738,150.474579439252,-182.244112149533,-198.134579439252,3265.80009345794,23788.0881308411,370.103271028037,-44.8605607476636,272.906822429907
"119",81.0028,955.180186915888,405551.703364486,10562501.9582243,2629.52523364486,172.902242990654,671.080934579439,3655.81504672897,-57.9447663551402,145.793551401869,171.96214953271,557.028878504673,346.738037383178,50.4665420560748,1467.40775700935,121725.386168224,2441776.85803738,50.4645794392524,17.7558878504673,201.875420560748,3065.76009345794,24088.5681308411,170.093271028037,-144.860560747664,172.896822429907
"120",81.2858,655.160186915888,413755.763364486,10623248.8382243,2228.97523364486,272.902242990654,1071.13093457944,3255.70504672897,142.05523364486,145.793551401869,171.96214953271,57.0088785046729,46.7280373831776,350.476542056075,1667.42775700935,117996.856168224,2275178.61803738,50.4645794392524,517.775887850467,-198.134579439252,3965.98009345794,22786.5381308411,170.093271028037,55.1394392523364,72.8968224299066
"121",81.5688,1055.18018691589,383114.203364486,9404387.8782243,3030.08523364486,72.9022429906542,371.050934579439,3055.64504672897,442.06523364486,145.793551401869,-128.03785046729,57.0088785046729,146.728037383178,-49.5334579439252,667.327757009346,117493.066168224,2338466.50803738,150.474579439252,217.765887850467,101.875420560748,2865.72009345794,27694.7681308411,-29.9067289719626,55.1394392523364,-27.1031775700934
"122",81.8518,55.1401869158879,354062.933364486,9767316.0082243,526.755233644861,72.9022429906542,671.080934579439,4055.94504672897,242.06523364486,145.793551401869,371.97214953271,57.0088785046729,-153.271962616822,250.476542056075,1067.35775700935,109736.766168224,2217745.40803738,150.474579439252,17.7558878504673,-198.134579439252,2865.72009345794,21284.3381308411,170.093271028037,255.149439252336,72.8968224299066
"123",82.1349,255.140186915888,367866.083364486,9531337.8782243,6535.39523364486,372.912242990654,1671.22093457944,3555.78504672897,42.0552336448598,-54.2064485981308,171.96214953271,57.0088785046729,-53.2719626168224,150.466542056075,767.327757009346,109736.766168224,2145696.38803738,150.474579439252,117.755887850467,-198.134579439252,3365.83009345794,23888.2481308411,70.0932710280374,255.149439252336,272.906822429907
"124",82.4179,855.170186915888,389565.693364486,9993436.3282243,2128.84523364486,172.902242990654,771.090934579439,3455.75504672897,-57.9447663551402,245.803551401869,71.9621495327103,-42.9911214953271,46.7280373831776,150.466542056075,1367.38775700935,118601.426168224,2355265.33803738,-49.5354205607476,217.765887850467,1.86542056074762,3765.92009345794,24589.3781308411,170.093271028037,55.1394392523364,72.8968224299066
"125",82.7009,355.150186915888,406064.353364486,10032855.0782243,2829.80523364486,-27.1077570093458,1171.14093457944,2655.54504672897,-57.9447663551402,245.803551401869,71.9621495327103,157.008878504673,246.738037383178,350.476542056075,1367.38775700935,116284.036168224,2514799.32803738,350.474579439252,-82.2441121495327,-98.1345794392524,4066.00009345794,23888.2481308411,-29.9067289719626,55.1394392523364,72.8968224299066
"126",82.9839,1555.23018691589,404629.023364486,10426022.2682243,4932.87523364486,72.9022429906542,1671.22093457944,3855.87504672897,242.06523364486,45.7935514018692,-128.03785046729,257.018878504673,-53.2719626168224,250.476542056075,467.307757009346,116787.786168224,2456573.34803738,-49.5354205607476,-182.244112149533,-98.1345794392524,2365.63009345794,25791.3881308411,170.093271028037,55.1394392523364,372.906822429907
"127",83.267,755.160186915888,402988.793364486,10109255.0782243,2929.94523364486,672.922242990654,1071.13093457944,2555.52504672897,142.05523364486,-54.2064485981308,171.96214953271,-42.9911214953271,46.7280373831776,150.466542056075,1267.37775700935,127874.356168224,2467601.07803738,50.4645794392524,117.755887850467,201.875420560748,3565.87009345794,23086.9981308411,-129.906728971963,-44.8605607476636,172.896822429907
"128",83.55,1055.18018691589,385264.423364486,10262006.6482243,5433.64523364486,-27.1077570093458,1471.18093457944,3055.64504672897,42.0552336448598,245.803551401869,71.9621495327103,157.008878504673,46.7280373831776,150.466542056075,967.347757009346,113966.996168224,2409555.76803738,150.474579439252,217.765887850467,-198.134579439252,3865.95009345794,25490.8781308411,-29.9067289719626,-44.8605607476636,72.8968224299066
"129",83.833,855.170186915888,357333.733364486,9872221.4782243,326.505233644861,172.902242990654,1071.13093457944,3555.78504672897,442.06523364486,545.813551401869,-128.03785046729,-42.9911214953271,-53.2719626168224,150.466542056075,967.347757009346,117593.816168224,2361078.22803738,450.484579439252,117.755887850467,-98.1345794392524,4266.06009345794,24689.5381308411,70.0932710280374,-44.8605607476636,72.8968224299066
"130",84.1161,955.180186915888,434181.053364486,10870745.7182243,-674.69476635514,-27.1077570093458,871.100934579439,3655.81504672897,142.05523364486,345.803551401869,171.96214953271,157.008878504673,-53.2719626168224,250.476542056075,1867.45775700935,122128.526168224,2432598.73803738,150.474579439252,417.765887850467,-98.1345794392524,3665.90009345794,27294.0381308411,170.093271028037,255.149439252336,-27.1031775700934
"131",84.3991,1355.21018691589,416935.883364486,10683765.2482243,727.015233644859,72.9022429906542,1671.22093457944,3355.72504672897,242.06523364486,345.803551401869,171.96214953271,-42.9911214953271,246.738037383178,350.476542056075,567.317757009346,135740.486168224,2623032.52803738,150.474579439252,117.755887850467,201.875420560748,4166.03009345794,27494.3981308411,-29.9067289719626,255.149439252336,272.906822429907
"132",84.6821,1055.18018691589,442913.283364486,11394512.1382243,927.265233644859,172.902242990654,571.070934579439,3755.84504672897,242.06523364486,145.793551401869,-28.0378504672897,-42.9911214953271,546.748037383178,-49.5334579439252,1667.42775700935,129084.286168224,2620153.81803738,150.474579439252,-82.2441121495327,201.875420560748,3865.95009345794,28195.6981308411,-29.9067289719626,55.1394392523364,-27.1031775700934
"133",84.9651,1655.24018691589,454426.273364486,11145596.5082243,4131.67523364486,172.902242990654,1171.14093457944,2155.43504672897,-57.9447663551402,-54.2064485981308,471.97214953271,-142.991121495327,146.728037383178,650.486542056075,1067.35775700935,118702.196168224,2463915.92803738,50.4645794392524,-182.244112149533,-198.134579439252,2665.68009345794,25290.5381308411,470.103271028037,255.149439252336,-127.103177570093
"134",85.2481,855.170186915888,383933.303364486,9534987.0982243,3530.79523364486,172.902242990654,1371.17093457944,3855.87504672897,-157.94476635514,-54.2064485981308,71.9621495327103,57.0088785046729,346.738037383178,150.466542056075,1567.41775700935,111851.736168224,2429219.43803738,50.4645794392524,17.7558878504673,-198.134579439252,4466.12009345794,26192.0781308411,170.093271028037,55.1394392523364,-27.1031775700934
"135",85.5312,1155.19018691589,372469.753364486,9951398.8282243,2829.80523364486,-127.107757009346,1271.16093457944,2355.47504672897,242.06523364486,-154.206448598131,671.98214953271,257.018878504673,-53.2719626168224,150.466542056075,1367.38775700935,111751.016168224,2313796.58803738,250.474579439252,117.755887850467,101.875420560748,2965.74009345794,23587.7681308411,170.093271028037,-44.8605607476636,-127.103177570093
"136",85.8142,1055.18018691589,396429.583364486,10555894.1482243,1227.65523364486,72.9022429906542,1371.17093457944,5056.29504672897,42.0552336448598,145.793551401869,-28.0378504672897,-142.991121495327,246.738037383178,150.466542056075,1667.42775700935,117694.576168224,2215589.93803738,150.474579439252,-82.2441121495327,101.875420560748,3265.80009345794,23487.6181308411,170.093271028037,55.1394392523364,-27.1031775700934
"137",86.0972,1155.19018691589,391102.123364486,9521783.1882243,2128.84523364486,72.9022429906542,1471.18093457944,4155.97504672897,242.06523364486,45.7935514018692,671.98214953271,357.018878504673,146.728037383178,-49.5334579439252,1067.35775700935,114772.886168224,2429956.54803738,50.4645794392524,-182.244112149533,101.875420560748,4166.03009345794,24589.3781308411,370.103271028037,155.139439252336,72.8968224299066
"138",86.3802,455.150186915888,381271.413364486,9782775.3882243,1528.04523364486,-27.1077570093458,671.080934579439,2355.47504672897,42.0552336448598,445.803551401869,171.96214953271,-142.991121495327,46.7280373831776,150.466542056075,1267.37775700935,118500.656168224,2391254.98803738,250.474579439252,17.7558878504673,1.86542056074762,3565.87009345794,21985.3381308411,170.093271028037,255.149439252336,172.896822429907
"139",86.6633,655.160186915888,390999.683364486,10089842.5782243,-174.10476635514,672.922242990654,1271.16093457944,4155.97504672897,142.05523364486,145.793551401869,71.9621495327103,157.008878504673,146.728037383178,50.4665420560748,667.327757009346,120012.166168224,2428079.20803738,250.474579439252,-182.244112149533,301.875420560748,2765.70009345794,22886.6881308411,370.103271028037,455.149439252336,172.896822429907
"140",86.9463,855.170186915888,399708.883364486,10138585.5482243,2329.11523364486,272.902242990654,671.080934579439,2655.54504672897,-57.9447663551402,145.793551401869,271.97214953271,157.008878504673,146.728037383178,50.4665420560748,567.317757009346,115175.846168224,2285970.01803738,350.474579439252,217.765887850467,201.875420560748,4466.12009345794,26292.2581308411,-29.9067289719626,155.139439252336,72.8968224299066
"141",87.2293,755.160186915888,397659.223364486,9535908.9682243,2028.70523364486,-127.107757009346,771.090934579439,4556.11504672897,42.0552336448598,245.803551401869,71.9621495327103,-42.9911214953271,46.7280373831776,150.466542056075,1167.36775700935,100877.096168224,2099916.69803738,150.474579439252,417.765887850467,-198.134579439252,2465.64009345794,22586.2381308411,-29.9067289719626,55.1394392523364,372.906822429907
"142",87.5123,355.150186915888,345786.613364486,8943998.7982243,2028.70523364486,72.9022429906542,1871.25093457944,1755.35504672897,-57.9447663551402,445.803551401869,-28.0378504672897,157.008878504673,46.7280373831776,150.466542056075,367.307757009346,103796.196168224,2086079.77803738,350.474579439252,-82.2441121495327,-98.1345794392524,3065.76009345794,23487.6181308411,270.103271028037,55.1394392523364,-27.1031775700934
"143",87.7954,455.150186915888,357333.733364486,8485974.5682243,2028.70523364486,-27.1077570093458,1471.18093457944,2555.52504672897,42.0552336448598,-54.2064485981308,171.96214953271,157.008878504673,-53.2719626168224,150.466542056075,967.347757009346,103796.196168224,2322043.06803738,250.474579439252,17.7558878504673,401.885420560748,4166.03009345794,23187.1481308411,470.103271028037,-144.860560747664,72.8968224299066
"144",88.0784,555.150186915888,358151.563364486,8627923.0182243,2028.70523364486,-127.107757009346,671.080934579439,2855.59504672897,142.05523364486,45.7935514018692,71.9621495327103,357.018878504673,346.738037383178,-49.5334579439252,767.327757009346,110743.856168224,2129300.87803738,250.474579439252,317.765887850467,1.86542056074762,3565.87009345794,24889.8681308411,70.0932710280374,255.149439252336,72.8968224299066
"145",88.3614,755.160186915888,374618.553364486,8980495.6782243,3030.08523364486,372.912242990654,671.080934579439,3255.70504672897,342.06523364486,-54.2064485981308,271.97214953271,157.008878504673,246.738037383178,850.496542056075,1467.40775700935,111247.436168224,2117369.23803738,50.4645794392524,217.765887850467,201.875420560748,3565.87009345794,25490.8781308411,70.0932710280374,55.1394392523364,-127.103177570093
"146",88.6444,455.150186915888,346910.323364486,9004490.9882243,526.755233644861,272.902242990654,1171.14093457944,2655.54504672897,-57.9447663551402,-154.206448598131,-128.03785046729,157.008878504673,46.7280373831776,-49.5334579439252,1067.35775700935,107219.296168224,2136852.04803738,-49.5354205607476,417.765887850467,101.875420560748,3365.83009345794,22586.2381308411,-129.906728971963,255.149439252336,472.906822429907
"147",88.9274,1055.18018691589,356107.103364486,8970698.7982243,1728.30523364486,-127.107757009346,471.060934579439,3755.84504672897,342.06523364486,245.803551401869,71.9621495327103,-42.9911214953271,246.738037383178,250.476542056075,767.327757009346,105709.016168224,2223808.49803738,450.484579439252,117.755887850467,101.875420560748,2165.60009345794,24589.3781308411,70.0932710280374,155.139439252336,372.906822429907
"148",89.2105,1255.20018691589,356311.543364486,9843509.7582243,426.635233644858,272.902242990654,471.060934579439,2455.50504672897,-57.9447663551402,-154.206448598131,671.98214953271,57.0088785046729,146.728037383178,350.476542056075,-32.7122429906542,115075.106168224,2361342.48803738,-249.535420560748,17.7558878504673,1.86542056074762,3965.98009345794,19682.1481308411,70.0932710280374,-144.860560747664,-27.1031775700934
"149",89.4935,655.160186915888,382909.473364486,9406837.0982243,1528.04523364486,572.922242990654,1171.14093457944,3455.75504672897,-57.9447663551402,245.803551401869,-28.0378504672897,257.018878504673,246.738037383178,450.476542056075,1267.37775700935,115780.306168224,2207065.32803738,450.484579439252,117.755887850467,101.875420560748,4366.09009345794,24288.8881308411,70.0932710280374,-44.8605607476636,-27.1031775700934
"150",89.7765,555.150186915888,374209.203364486,9228623.0282243,1828.43523364486,-227.107757009346,1171.14093457944,3355.72504672897,142.05523364486,245.803551401869,371.97214953271,57.0088785046729,346.738037383178,50.4665420560748,1067.35775700935,117694.576168224,2461510.06803738,450.484579439252,117.755887850467,201.875420560748,4766.21009345794,24088.5681308411,170.093271028037,-44.8605607476636,372.906822429907
"151",90.0595,1155.19018691589,400016.333364486,9753493.3482243,2729.66523364486,-27.1077570093458,1471.18093457944,1555.32504672897,242.06523364486,245.803551401869,-128.03785046729,157.008878504673,346.738037383178,150.466542056075,767.327757009346,109736.766168224,2281353.02803738,250.474579439252,517.775887850467,1.86542056074762,3165.78009345794,24288.8881308411,70.0932710280374,155.139439252336,472.906822429907
"152",90.3426,555.150186915888,406166.873364486,9624555.0682243,3530.79523364486,172.902242990654,1171.14093457944,2855.59504672897,-157.94476635514,345.803551401869,271.97214953271,157.008878504673,46.7280373831776,350.476542056075,1367.38775700935,117493.066168224,2310556.34803738,50.4645794392524,-82.2441121495327,501.885420560748,3265.80009345794,26292.2581308411,-29.9067289719626,55.1394392523364,272.906822429907
"153",90.6256,1455.22018691589,396736.983364486,9919655.0782243,2329.11523364486,372.912242990654,1371.17093457944,3255.70504672897,42.0552336448598,45.7935514018692,171.96214953271,257.018878504673,246.738037383178,150.466542056075,667.327757009346,121221.476168224,2450398.92803738,50.4645794392524,217.765887850467,301.875420560748,3465.85009345794,23187.1481308411,270.103271028037,255.149439252336,72.8968224299066
"154",90.9086,555.150186915888,412730.023364486,10541368.3682243,1728.30523364486,-127.107757009346,871.100934579439,3055.64504672897,42.0552336448598,245.803551401869,371.97214953271,-42.9911214953271,46.7280373831776,-49.5334579439252,567.317757009346,115780.306168224,2410028.61803738,350.474579439252,-82.2441121495327,201.875420560748,4766.21009345794,25390.7081308411,-129.906728971963,55.1394392523364,272.906822429907
"155",91.1917,655.160186915888,397864.183364486,10456589.4582243,2429.24523364486,572.922242990654,1071.13093457944,3855.87504672897,142.05523364486,45.7935514018692,171.96214953271,-142.991121495327,446.738037383178,150.466542056075,1367.38775700935,126261.286168224,2438634.08803738,-49.5354205607476,-82.2441121495327,-98.1345794392524,3365.83009345794,26292.2581308411,70.0932710280374,55.1394392523364,172.896822429907
"156",91.4747,455.150186915888,394892.653364486,10031726.9482243,1628.17523364486,372.912242990654,771.090934579439,2855.59504672897,142.05523364486,45.7935514018692,71.9621495327103,357.018878504673,46.7280373831776,250.476542056075,1767.44775700935,115075.106168224,2273495.99803738,250.474579439252,217.765887850467,301.875420560748,4766.21009345794,25591.0481308411,-29.9067289719626,-44.8605607476636,-27.1031775700934
"157",91.7577,555.150186915888,396429.583364486,10331119.1482243,3530.79523364486,72.9022429906542,771.090934579439,3455.75504672897,442.06523364486,145.793551401869,-28.0378504672897,157.008878504673,-53.2719626168224,-49.5334579439252,1767.44775700935,112153.896168224,2257795.60803738,-49.5354205607476,17.7558878504673,101.875420560748,4266.06009345794,25490.8781308411,170.093271028037,355.149439252336,172.896822429907
"158",92.0407,755.160186915888,365820.433364486,8915687.0782243,4131.67523364486,172.902242990654,1971.27093457944,2155.43504672897,-57.9447663551402,145.793551401869,171.96214953271,357.018878504673,146.728037383178,-49.5334579439252,567.317757009346,106715.866168224,2247157.32803738,250.474579439252,17.7558878504673,501.885420560748,3865.95009345794,25891.5581308411,70.0932710280374,155.139439252336,372.906822429907
"159",92.3237,1055.18018691589,411806.883364486,9773960.5382243,2729.66523364486,272.902242990654,471.060934579439,3455.75504672897,142.05523364486,345.803551401869,-128.03785046729,-42.9911214953271,246.738037383178,550.486542056075,1567.41775700935,122330.096168224,2483593.26803738,-49.5354205607476,217.765887850467,-198.134579439252,5366.42009345794,24489.2081308411,70.0932710280374,55.1394392523364,-27.1031775700934
"160",92.6068,1055.18018691589,424119.183364486,10426810.5582243,3030.08523364486,72.9022429906542,1571.20093457944,3155.67504672897,342.06523364486,45.7935514018692,171.96214953271,57.0088785046729,246.738037383178,150.466542056075,767.327757009346,119206.016168224,2268656.54803738,150.474579439252,-82.2441121495327,1.86542056074762,3965.98009345794,23888.2481308411,570.113271028037,-44.8605607476636,272.906822429907
"161",92.8898,1455.22018691589,385878.833364486,9374790.9982243,2929.94523364486,272.902242990654,471.060934579439,3955.90504672897,242.06523364486,345.803551401869,171.96214953271,457.018878504673,46.7280373831776,350.476542056075,1467.40775700935,120415.266168224,2521140.53803738,50.4645794392524,17.7558878504673,1.86542056074762,3065.76009345794,25591.0481308411,270.103271028037,55.1394392523364,272.906822429907
"162",93.1728,355.150186915888,391409.443364486,10755569.1582243,3530.79523364486,372.912242990654,1171.14093457944,4256.00504672897,142.05523364486,-54.2064485981308,71.9621495327103,-42.9911214953271,46.7280373831776,450.476542056075,1267.37775700935,121019.916168224,2593982.13803738,50.4645794392524,17.7558878504673,-198.134579439252,4366.09009345794,23287.2981308411,170.093271028037,355.149439252336,372.906822429907
"163",93.4558,1355.21018691589,378507.593364486,10228262.1082243,3430.65523364486,272.902242990654,1771.23093457944,2555.52504672897,242.06523364486,-154.206448598131,171.96214953271,-142.991121495327,46.7280373831776,150.466542056075,867.337757009346,109535.346168224,2212029.78803738,250.474579439252,217.765887850467,-98.1345794392524,3665.90009345794,21184.1881308411,-29.9067289719626,355.149439252336,72.8968224299066
"164",93.7389,455.150186915888,391511.883364486,9326399.5882243,4832.72523364486,472.912242990654,1171.14093457944,4256.00504672897,142.05523364486,245.803551401869,271.97214953271,157.008878504673,-53.2719626168224,50.4665420560748,767.327757009346,107118.606168224,2282020.60803738,350.474579439252,17.7558878504673,101.875420560748,3965.98009345794,23287.2981308411,-129.906728971963,55.1394392523364,72.8968224299066
"165",94.0219,355.150186915888,392843.603364486,10183387.1082243,1928.57523364486,172.902242990654,1371.17093457944,2655.54504672897,142.05523364486,45.7935514018692,71.9621495327103,-142.991121495327,146.728037383178,350.476542056075,867.337757009346,120818.366168224,2445350.88803738,-149.535420560748,217.765887850467,201.875420560748,3565.87009345794,22285.7881308411,370.103271028037,155.139439252336,172.896822429907
"166",94.3049,1155.19018691589,370218.893364486,9690187.8782243,2729.66523364486,172.902242990654,871.100934579439,4456.07504672897,-157.94476635514,145.793551401869,-128.03785046729,157.008878504673,246.738037383178,250.476542056075,1967.47775700935,102990.876168224,2133764.74803738,-49.5354205607476,217.765887850467,1.86542056074762,3165.78009345794,21985.3381308411,70.0932710280374,-144.860560747664,-27.1031775700934
"167",94.5879,755.160186915888,374618.553364486,8881651.9282243,2128.84523364486,372.912242990654,571.070934579439,3455.75504672897,42.0552336448598,345.803551401869,71.9621495327103,257.018878504673,346.738037383178,350.476542056075,667.327757009346,112959.696168224,2264387.20803738,-49.5354205607476,-82.2441121495327,201.875420560748,4166.03009345794,25290.5381308411,470.103271028037,255.149439252336,72.8968224299066
"168",94.871,855.170186915888,392536.253364486,10029532.4182243,3831.23523364486,72.9022429906542,1771.23093457944,2455.50504672897,42.0552336448598,45.7935514018692,-128.03785046729,57.0088785046729,-53.2719626168224,50.4665420560748,1367.38775700935,113463.336168224,2403033.69803738,-49.5354205607476,217.765887850467,-198.134579439252,3865.95009345794,23687.9281308411,370.103271028037,55.1394392523364,272.906822429907
"169",95.154,1155.19018691589,393663.183364486,10138658.2082243,927.265233644859,172.902242990654,1671.22093457944,2855.59504672897,42.0552336448598,45.7935514018692,-28.0378504672897,457.018878504673,146.728037383178,250.476542056075,1667.42775700935,114168.466168224,2462358.30803738,-49.5354205607476,17.7558878504673,201.875420560748,3865.95009345794,28696.6481308411,270.103271028037,55.1394392523364,372.906822429907
"170",95.437,855.170186915888,401656.243364486,10086290.2382243,2729.66523364486,372.912242990654,1871.25093457944,4055.94504672897,42.0552336448598,245.803551401869,271.97214953271,257.018878504673,246.738037383178,150.466542056075,1867.45775700935,120415.266168224,2628928.81803738,-49.5354205607476,-82.2441121495327,601.895420560748,3865.95009345794,21985.3381308411,-129.906728971963,255.149439252336,272.906822429907
"171",95.72,955.180186915888,386595.653364486,10665952.7482243,2128.84523364486,-27.1077570093458,471.060934579439,3355.72504672897,242.06523364486,145.793551401869,-28.0378504672897,57.0088785046729,246.738037383178,50.4665420560748,1267.37775700935,121120.696168224,2345058.10803738,250.474579439252,-82.2441121495327,201.875420560748,3965.98009345794,24489.2081308411,70.0932710280374,55.1394392523364,-127.103177570093
"172",96.003,555.150186915888,376358.273364486,9336293.3382243,626.885233644858,-127.107757009346,771.090934579439,4155.97504672897,-57.9447663551402,445.803551401869,371.97214953271,-142.991121495327,246.738037383178,450.476542056075,1067.35775700935,110038.876168224,2295620.99803738,50.4645794392524,17.7558878504673,1.86542056074762,3265.80009345794,20583.3581308411,-29.9067289719626,355.149439252336,172.896822429907
"173",96.2861,755.160186915888,352325.583364486,8549861.2882243,1828.43523364486,72.9022429906542,971.110934579439,2655.54504672897,342.06523364486,45.7935514018692,71.9621495327103,357.018878504673,146.728037383178,250.476542056075,967.347757009346,111952.456168224,2170227.24803738,50.4645794392524,717.785887850467,201.875420560748,3965.98009345794,23086.9981308411,70.0932710280374,255.149439252336,272.906822429907
"174",96.5691,855.170186915888,352121.193364486,9310164.4382243,26.1352336448581,272.902242990654,971.110934579439,2355.47504672897,42.0552336448598,45.7935514018692,471.97214953271,-42.9911214953271,546.748037383178,50.4665420560748,267.297757009346,110139.596168224,2190224.70803738,150.474579439252,-82.2441121495327,1.86542056074762,3465.85009345794,23587.7681308411,170.093271028037,155.139439252336,172.896822429907
"175",96.8521,555.150186915888,336289.373364486,8673512.8582243,2429.24523364486,672.922242990654,1271.16093457944,2755.57504672897,142.05523364486,-54.2064485981308,71.9621495327103,57.0088785046729,146.728037383178,-49.5334579439252,1267.37775700935,99166.1361682243,2125893.84803738,150.474579439252,317.765887850467,-198.134579439252,4466.12009345794,21084.0481308411,-29.9067289719626,255.149439252336,272.906822429907
"176",97.1351,855.170186915888,343539.473364486,8491443.3182243,-374.344766355141,672.922242990654,771.090934579439,2955.62504672897,342.06523364486,345.803551401869,-128.03785046729,257.018878504673,146.728037383178,350.476542056075,667.327757009346,104299.556168224,2166263.96803738,150.474579439252,17.7558878504673,301.875420560748,4266.06009345794,21985.3381308411,170.093271028037,-144.860560747664,72.8968224299066
"177",97.4182,855.170186915888,398274.093364486,9386527.7182243,2429.24523364486,-27.1077570093458,1871.25093457944,2555.52504672897,42.0552336448598,-154.206448598131,371.97214953271,57.0088785046729,246.738037383178,-49.5334579439252,1067.35775700935,108830.426168224,2373691.30803738,150.474579439252,-182.244112149533,301.875420560748,4566.15009345794,24789.7081308411,-29.9067289719626,55.1394392523364,72.8968224299066
"178",97.7012,755.160186915888,390077.833364486,9733995.6982243,1227.65523364486,472.912242990654,1571.20093457944,3355.72504672897,142.05523364486,145.793551401869,171.96214953271,-142.991121495327,246.738037383178,550.486542056075,467.307757009346,109837.456168224,2207176.46803738,250.474579439252,317.765887850467,301.875420560748,3665.90009345794,19682.1481308411,170.093271028037,55.1394392523364,372.906822429907
"179",97.9842,855.170186915888,359480.563364486,9367697.2482243,4632.41523364486,272.902242990654,1171.14093457944,1655.34504672897,742.08523364486,-154.206448598131,471.97214953271,57.0088785046729,-153.271962616822,-49.5334579439252,1167.36775700935,101984.276168224,2200487.59803738,-49.5354205607476,217.765887850467,1.86542056074762,2965.74009345794,23086.9981308411,-129.906728971963,55.1394392523364,-27.1031775700934
"180",98.2673,455.150186915888,348953.613364486,9066971.4582243,-975.054766355141,272.902242990654,1371.17093457944,4055.94504672897,142.05523364486,345.803551401869,-28.0378504672897,-42.9911214953271,46.7280373831776,50.4665420560748,567.317757009346,108125.546168224,2487250.68803738,450.484579439252,217.765887850467,101.875420560748,3765.92009345794,26692.9581308411,170.093271028037,-44.8605607476636,272.906822429907
"181",98.5503,855.170186915888,397659.223364486,10446404.3082243,526.755233644861,372.912242990654,871.100934579439,4356.04504672897,42.0552336448598,345.803551401869,71.9621495327103,-42.9911214953271,146.728037383178,250.476542056075,967.347757009346,120213.716168224,2533781.35803738,-49.5354205607476,217.765887850467,1.86542056074762,4166.03009345794,26192.0781308411,270.103271028037,355.149439252336,-27.1031775700934
"182",98.8333,855.170186915888,418064.503364486,10739601.1882243,2429.24523364486,172.902242990654,671.080934579439,3755.84504672897,142.05523364486,245.803551401869,171.96214953271,257.018878504673,346.738037383178,250.476542056075,867.337757009346,123237.216168224,2393062.98803738,250.474579439252,17.7558878504673,201.875420560748,4266.06009345794,25691.2181308411,370.103271028037,155.139439252336,272.906822429907
"183",99.1163,455.150186915888,410678.753364486,10677556.6582243,4131.67523364486,-127.107757009346,971.110934579439,3955.90504672897,442.06523364486,45.7935514018692,371.97214953271,157.008878504673,246.738037383178,50.4665420560748,1167.36775700935,112657.516168224,2560272.95803738,50.4645794392524,717.785887850467,-98.1345794392524,3565.87009345794,27494.3981308411,-29.9067289719626,355.149439252336,-27.1031775700934
"184",99.3993,855.170186915888,389053.583364486,9761592.5682243,626.885233644858,172.902242990654,571.070934579439,3155.67504672897,142.05523364486,-54.2064485981308,-28.0378504672897,57.0088785046729,446.738037383178,150.466542056075,1067.35775700935,129084.286168224,2374984.66803738,450.484579439252,117.755887850467,1.86542056074762,3865.95009345794,26592.7881308411,-29.9067289719626,55.1394392523364,172.896822429907
"185",99.6824,1055.18018691589,374311.543364486,9615570.6882243,2529.38523364486,172.902242990654,1071.13093457944,3255.70504672897,342.06523364486,245.803551401869,171.96214953271,357.018878504673,246.738037383178,150.466542056075,1067.35775700935,110341.006168224,2169490.32803738,350.474579439252,-182.244112149533,1.86542056074762,3865.95009345794,22886.6881308411,-129.906728971963,-44.8605607476636,72.8968224299066
"186",99.9654,755.160186915888,354778.363364486,9412948.0282243,827.135233644858,-227.107757009346,471.060934579439,2655.54504672897,242.06523364486,345.803551401869,-128.03785046729,357.018878504673,146.728037383178,-49.5334579439252,367.307757009346,100373.856168224,2090293.45803738,50.4645794392524,217.765887850467,-198.134579439252,3265.80009345794,21885.1981308411,70.0932710280374,255.149439252336,172.896822429907
"187",100.2484,655.160186915888,375232.543364486,9362119.9082243,4632.41523364486,-127.107757009346,1771.23093457944,3855.87504672897,242.06523364486,45.7935514018692,-128.03785046729,257.018878504673,246.738037383178,50.4665420560748,1067.35775700935,115377.326168224,2163413.17803738,350.474579439252,17.7558878504673,201.875420560748,3565.87009345794,24889.8681308411,470.103271028037,-44.8605607476636,72.8968224299066
"188",100.5314,355.150186915888,388541.503364486,9981553.5082243,-674.69476635514,72.9022429906542,671.080934579439,2055.41504672897,142.05523364486,445.803551401869,-28.0378504672897,57.0088785046729,146.728037383178,250.476542056075,667.327757009346,123337.996168224,2219121.96803738,-149.535420560748,217.765887850467,201.875420560748,4666.18009345794,24489.2081308411,270.103271028037,-44.8605607476636,172.896822429907
"189",100.8145,755.160186915888,369809.693364486,9780944.1282243,2128.84523364486,272.902242990654,1171.14093457944,3055.64504672897,42.0552336448598,345.803551401869,171.96214953271,257.018878504673,46.7280373831776,350.476542056075,2167.50775700935,118802.946168224,2566795.21803738,-49.5354205607476,117.755887850467,501.885420560748,3365.83009345794,25290.5381308411,370.103271028037,455.149439252336,272.906822429907
"190",101.0975,855.170186915888,391716.773364486,9798137.8882243,1628.17523364486,372.912242990654,1371.17093457944,2955.62504672897,242.06523364486,45.7935514018692,271.97214953271,-42.9911214953271,246.738037383178,150.466542056075,1867.45775700935,119609.076168224,2403562.20803738,50.4645794392524,17.7558878504673,1.86542056074762,3265.80009345794,25791.3881308411,270.103271028037,55.1394392523364,-27.1031775700934
"191",101.3805,955.180186915888,396634.493364486,9640414.4382243,4331.96523364486,472.912242990654,971.110934579439,3655.81504672897,42.0552336448598,145.793551401869,171.96214953271,157.008878504673,246.738037383178,550.486542056075,1067.35775700935,117090.046168224,2229176.26803738,-149.535420560748,17.7558878504673,1.86542056074762,3265.80009345794,20683.4881308411,270.103271028037,-44.8605607476636,172.896822429907
"192",101.6635,1055.18018691589,357538.183364486,9667635.5382243,2028.70523364486,72.9022429906542,871.100934579439,3555.78504672897,42.0552336448598,245.803551401869,371.97214953271,57.0088785046729,-153.271962616822,-149.533457943925,467.307757009346,100172.566168224,2095146.77803738,50.4645794392524,217.765887850467,101.875420560748,2465.64009345794,21084.0481308411,-129.906728971963,-44.8605607476636,-27.1031775700934
"193",101.9466,455.150186915888,373595.263364486,9542323.0382243,3130.22523364486,-27.1077570093458,1271.16093457944,3455.75504672897,142.05523364486,-54.2064485981308,-28.0378504672897,157.008878504673,-53.2719626168224,450.476542056075,967.347757009346,110844.576168224,2317857.32803738,-249.535420560748,217.765887850467,801.905420560748,2765.70009345794,24990.0381308411,370.103271028037,855.169439252336,-27.1031775700934
"194",102.2296,755.160186915888,384854.833364486,10003791.0082243,2829.80523364486,272.902242990654,571.070934579439,2755.57504672897,42.0552336448598,-154.206448598131,371.97214953271,257.018878504673,46.7280373831776,-149.533457943925,1267.37775700935,118601.426168224,2443389.94803738,-49.5354205607476,-82.2441121495327,1.86542056074762,5066.32009345794,22085.4881308411,-29.9067289719626,255.149439252336,72.8968224299066
"195",102.5126,555.150186915888,375744.233364486,9271690.9982243,1828.43523364486,-27.1077570093458,671.080934579439,3355.72504672897,42.0552336448598,145.793551401869,171.96214953271,-42.9911214953271,146.728037383178,150.466542056075,1167.36775700935,102185.606168224,2222793.25803738,450.484579439252,17.7558878504673,-298.134579439252,2965.74009345794,21985.3381308411,70.0932710280374,55.1394392523364,372.906822429907
"196",102.7956,255.140186915888,393355.833364486,9450499.5982243,126.265233644859,72.9022429906542,1071.13093457944,3155.67504672897,42.0552336448598,145.793551401869,571.98214953271,-42.9911214953271,-53.2719626168224,-149.533457943925,1467.40775700935,119004.476168224,2328620.80803738,-49.5354205607476,317.765887850467,401.885420560748,3565.87009345794,24689.5381308411,-29.9067289719626,55.1394392523364,-127.103177570093
"197",103.0786,855.170186915888,377381.713364486,10832005.8782243,1027.39523364486,-27.1077570093458,871.100934579439,2855.59504672897,-157.94476635514,45.7935514018692,71.9621495327103,157.008878504673,546.748037383178,150.466542056075,1067.35775700935,111952.456168224,2283786.61803738,150.474579439252,117.755887850467,101.875420560748,4366.09009345794,23888.2481308411,270.103271028037,55.1394392523364,-27.1031775700934
"198",103.3617,155.140186915888,354778.363364486,9395851.9382243,1127.52523364486,472.912242990654,471.060934579439,2955.62504672897,142.05523364486,345.803551401869,71.9621495327103,57.0088785046729,-53.2719626168224,450.476542056075,1367.38775700935,113966.996168224,2320416.11803738,150.474579439252,17.7558878504673,-98.1345794392524,4066.00009345794,22385.9381308411,-129.906728971963,155.139439252336,72.8968224299066
"199",103.6447,455.150186915888,371548.903364486,8828787.0782243,1828.43523364486,72.9022429906542,1271.16093457944,3055.64504672897,42.0552336448598,145.793551401869,171.96214953271,-42.9911214953271,246.738037383178,-49.5334579439252,1167.36775700935,107219.296168224,2273718.45803738,-49.5354205607476,117.755887850467,1.86542056074762,3365.83009345794,20383.0781308411,170.093271028037,255.149439252336,-27.1031775700934
"200",103.9277,1555.23018691589,380759.543364486,9783987.8882243,326.505233644861,-127.107757009346,2071.29093457944,2655.54504672897,-157.94476635514,145.793551401869,171.96214953271,57.0088785046729,-53.2719626168224,250.476542056075,767.327757009346,128580.136168224,2242721.18803738,450.484579439252,-82.2441121495327,201.875420560748,2965.74009345794,26091.9081308411,-129.906728971963,-44.8605607476636,172.896822429907
"201",104.2107,1355.21018691589,371446.583364486,9751613.6682243,3831.23523364486,272.902242990654,1171.14093457944,3355.72504672897,142.05523364486,345.803551401869,-28.0378504672897,-42.9911214953271,446.738037383178,-49.5334579439252,1567.41775700935,116183.286168224,2505009.08803738,-49.5354205607476,-82.2441121495327,-98.1345794392524,3765.92009345794,20883.7681308411,370.103271028037,55.1394392523364,-27.1031775700934
"202",104.4938,1055.18018691589,413140.333364486,10411144.9282243,2929.94523364486,-27.1077570093458,1171.14093457944,3255.70504672897,-57.9447663551402,45.7935514018692,-28.0378504672897,57.0088785046729,46.7280373831776,150.466542056075,1167.36775700935,121725.386168224,2514256.93803738,-149.535420560748,17.7558878504673,401.885420560748,3565.87009345794,23788.0881308411,270.103271028037,155.139439252336,472.906822429907
"203",104.7768,1055.18018691589,406884.613364486,9792475.3882243,927.265233644859,172.902242990654,1171.14093457944,3555.78504672897,142.05523364486,45.7935514018692,271.97214953271,157.008878504673,-53.2719626168224,150.466542056075,767.327757009346,114571.416168224,2409945.21803738,50.4645794392524,17.7558878504673,-98.1345794392524,2565.66009345794,21885.1981308411,270.103271028037,-44.8605607476636,272.906822429907
"204",105.0598,1055.18018691589,406782.083364486,10744851.1882243,1828.43523364486,172.902242990654,1271.16093457944,4756.18504672897,-57.9447663551402,145.793551401869,171.96214953271,-42.9911214953271,-53.2719626168224,150.466542056075,467.307757009346,131403.546168224,2534476.66803738,-49.5354205607476,317.765887850467,-98.1345794392524,2165.60009345794,26091.9081308411,70.0932710280374,255.149439252336,272.906822429907
"205",105.3428,155.140186915888,367559.223364486,9602511.3182243,2629.52523364486,72.9022429906542,1271.16093457944,3655.81504672897,342.06523364486,245.803551401869,171.96214953271,-42.9911214953271,46.7280373831776,250.476542056075,467.307757009346,110240.306168224,2317982.32803738,50.4645794392524,117.755887850467,101.875420560748,4366.09009345794,22385.9381308411,170.093271028037,55.1394392523364,72.8968224299066
"206",105.6259,455.150186915888,407499.803364486,10139398.0482243,-975.054766355141,-27.1077570093458,1071.13093457944,4055.94504672897,242.06523364486,145.793551401869,71.9621495327103,57.0088785046729,446.738037383178,150.466542056075,1367.38775700935,120213.716168224,2499877.64803738,50.4645794392524,-82.2441121495327,-98.1345794392524,3165.78009345794,25891.5581308411,70.0932710280374,155.139439252336,72.8968224299066
"207",105.9089,655.160186915888,407397.263364486,10537997.2782243,2829.80523364486,-27.1077570093458,1471.18093457944,3155.67504672897,42.0552336448598,-54.2064485981308,171.96214953271,57.0088785046729,-53.2719626168224,50.4665420560748,1267.37775700935,116183.286168224,2636438.19803738,-149.535420560748,417.765887850467,1.86542056074762,3465.85009345794,24589.3781308411,70.0932710280374,-44.8605607476636,172.896822429907
"208",106.1919,555.150186915888,376460.613364486,9103298.0282243,-2276.50476635514,72.9022429906542,971.110934579439,3255.70504672897,-57.9447663551402,-154.206448598131,271.97214953271,-42.9911214953271,46.7280373831776,50.4665420560748,1067.35775700935,107319.986168224,2395732.91803738,250.474579439252,17.7558878504673,101.875420560748,3565.87009345794,24088.5681308411,-29.9067289719626,-144.860560747664,-27.1031775700934
"209",106.4749,55.1401869158879,390180.243364486,9422502.7182243,827.135233644858,-27.1077570093458,871.100934579439,3655.81504672897,242.06523364486,145.793551401869,371.97214953271,157.008878504673,-153.271962616822,-149.533457943925,1367.38775700935,112858.966168224,2480520.02803738,150.474579439252,417.765887850467,301.875420560748,4566.15009345794,26292.2581308411,170.093271028037,55.1394392523364,72.8968224299066
"210",106.758,755.160186915888,380042.993364486,9690103.5082243,126.265233644859,-127.107757009346,271.040934579439,3055.64504672897,42.0552336448598,145.793551401869,-128.03785046729,57.0088785046729,-53.2719626168224,-49.5334579439252,967.347757009346,112153.896168224,2243819.82803738,50.4645794392524,-82.2441121495327,201.875420560748,3565.87009345794,23287.2981308411,-29.9067289719626,155.139439252336,72.8968224299066
"211",107.041,455.150186915888,340169.303364486,8546345.6682243,2829.80523364486,472.912242990654,871.100934579439,2755.57504672897,-57.9447663551402,145.793551401869,-28.0378504672897,57.0088785046729,246.738037383178,50.4665420560748,967.347757009346,102487.566168224,2039396.18803738,250.474579439252,-82.2441121495327,1.86542056074762,2865.72009345794,21384.4781308411,370.103271028037,155.139439252336,172.896822429907
"212",107.324,355.150186915888,375334.883364486,9196309.7482243,1327.78523364486,-27.1077570093458,271.040934579439,3355.72504672897,242.06523364486,145.793551401869,-28.0378504672897,57.0088785046729,146.728037383178,50.4665420560748,1267.37775700935,120213.716168224,2381381.54803738,50.4645794392524,-82.2441121495327,101.875420560748,4666.18009345794,22786.5381308411,270.103271028037,55.1394392523364,72.8968224299066
"213",107.607,755.160186915888,348647.113364486,8718739.4182243,927.265233644859,-227.107757009346,1271.16093457944,2955.62504672897,142.05523364486,345.803551401869,71.9621495327103,-42.9911214953271,146.728037383178,50.4665420560748,1767.44775700935,120919.136168224,2428371.19803738,50.4645794392524,-182.244112149533,101.875420560748,3865.95009345794,25691.2181308411,70.0932710280374,155.139439252336,72.8968224299066
"214",107.8901,655.160186915888,398684.033364486,9944911.3282243,1628.17523364486,72.9022429906542,1271.16093457944,4856.22504672897,342.06523364486,145.793551401869,371.97214953271,157.008878504673,46.7280373831776,350.476542056075,1467.40775700935,127975.186168224,2475027.05803738,50.4645794392524,17.7558878504673,301.875420560748,3865.95009345794,27193.8581308411,370.103271028037,-144.860560747664,272.906822429907
"215",108.1731,755.160186915888,402271.263364486,10291045.7082243,2829.80523364486,272.902242990654,671.080934579439,3755.84504672897,242.06523364486,-54.2064485981308,-28.0378504672897,157.008878504673,-53.2719626168224,50.4665420560748,667.327757009346,116384.786168224,2491951.07803738,-49.5354205607476,117.755887850467,1.86542056074762,4866.25009345794,26392.4281308411,-129.906728971963,355.149439252336,-127.103177570093
"216",108.4561,1755.25018691589,388234.223364486,9923911.3282243,2128.84523364486,-127.107757009346,1871.25093457944,2755.57504672897,142.05523364486,345.803551401869,771.99214953271,57.0088785046729,-53.2719626168224,250.476542056075,1567.41775700935,113161.156168224,2505829.59803738,-49.5354205607476,217.765887850467,301.875420560748,3465.85009345794,23086.9981308411,70.0932710280374,-44.8605607476636,-127.103177570093
"217",108.7391,655.160186915888,391614.333364486,9456392.5682243,1928.57523364486,272.902242990654,1671.22093457944,3655.81504672897,242.06523364486,45.7935514018692,-28.0378504672897,57.0088785046729,246.738037383178,150.466542056075,867.337757009346,111650.296168224,2123668.84803738,-49.5354205607476,117.755887850467,-98.1345794392524,3265.80009345794,22686.3781308411,70.0932710280374,-44.8605607476636,72.8968224299066
"218",109.0222,555.150186915888,375334.883364486,9495944.1282243,2128.84523364486,-27.1077570093458,1571.20093457944,2355.47504672897,142.05523364486,245.803551401869,71.9621495327103,-142.991121495327,-53.2719626168224,150.466542056075,1167.36775700935,111952.456168224,2298026.85803738,50.4645794392524,217.765887850467,101.875420560748,3965.98009345794,21384.4781308411,-29.9067289719626,55.1394392523364,72.8968224299066
"219",109.3052,1255.20018691589,366127.293364486,9674413.6582243,526.755233644861,-127.107757009346,771.090934579439,2555.52504672897,42.0552336448598,145.793551401869,-128.03785046729,-42.9911214953271,146.728037383178,250.476542056075,1067.35775700935,105004.276168224,2397512.98803738,350.474579439252,-82.2441121495327,401.885420560748,4166.03009345794,25290.5381308411,170.093271028037,-144.860560747664,472.906822429907
"220",109.5882,1055.18018691589,376869.963364486,9431026.9382243,727.015233644859,172.902242990654,1071.13093457944,2955.62504672897,42.0552336448598,145.793551401869,71.9621495327103,-142.991121495327,646.748037383178,250.476542056075,1067.35775700935,112758.246168224,2528385.84803738,-49.5354205607476,117.755887850467,1.86542056074762,3065.76009345794,23387.4581308411,-129.906728971963,-44.8605607476636,72.8968224299066
"221",109.8712,1455.22018691589,371548.903364486,9873385.5382243,4231.81523364486,72.9022429906542,1271.16093457944,3855.87504672897,342.06523364486,245.803551401869,71.9621495327103,257.018878504673,46.7280373831776,450.476542056075,1167.36775700935,115981.796168224,2440108.10803738,-49.5354205607476,-182.244112149533,201.875420560748,3565.87009345794,21084.0481308411,70.0932710280374,-144.860560747664,72.8968224299066
"222",110.1542,955.180186915888,412627.443364486,10377400.3982243,1427.90523364486,72.9022429906542,1271.16093457944,2855.59504672897,-57.9447663551402,-154.206448598131,271.97214953271,157.008878504673,-153.271962616822,50.4665420560748,1567.41775700935,124849.966168224,2624284.08803738,-49.5354205607476,217.765887850467,101.875420560748,4066.00009345794,21785.0481308411,170.093271028037,55.1394392523364,72.8968224299066
"223",110.4373,555.150186915888,375744.233364486,9719312.8782243,626.885233644858,272.902242990654,1371.17093457944,3955.90504672897,-157.94476635514,245.803551401869,-28.0378504672897,157.008878504673,346.738037383178,650.486542056075,667.327757009346,115276.586168224,2317620.80803738,-49.5354205607476,317.765887850467,101.875420560748,3765.92009345794,23287.2981308411,170.093271028037,-44.8605607476636,172.896822429907
"224",110.7203,455.150186915888,356209.323364486,8776455.0482243,3130.22523364486,272.902242990654,571.070934579439,3755.84504672897,42.0552336448598,145.793551401869,71.9621495327103,357.018878504673,46.7280373831776,50.4665420560748,1167.36775700935,119306.786168224,2404174.12803738,150.474579439252,217.765887850467,1.86542056074762,3065.76009345794,24990.0381308411,170.093271028037,-144.860560747664,72.8968224299066
"225",111.0033,1055.18018691589,406269.403364486,10600308.2182243,2329.11523364486,172.902242990654,1071.13093457944,3255.70504672897,-57.9447663551402,-54.2064485981308,-28.0378504672897,457.018878504673,246.738037383178,50.4665420560748,1067.35775700935,109736.766168224,2400029.98803738,150.474579439252,417.765887850467,101.875420560748,4066.00009345794,24789.7081308411,-29.9067289719626,455.149439252336,272.906822429907
"226",111.2863,755.160186915888,390282.663364486,9827613.6682243,-73.9847663551409,72.9022429906542,771.090934579439,2755.57504672897,142.05523364486,-54.2064485981308,371.97214953271,157.008878504673,246.738037383178,150.466542056075,1567.41775700935,126765.356168224,2445934.86803738,50.4645794392524,17.7558878504673,301.875420560748,3865.95009345794,24288.8881308411,-129.906728971963,55.1394392523364,-127.103177570093
"227",111.5694,855.170186915888,394072.993364486,9463861.3182243,1728.30523364486,372.912242990654,971.110934579439,2255.45504672897,342.06523364486,145.793551401869,-128.03785046729,157.008878504673,246.738037383178,450.476542056075,1067.35775700935,119810.616168224,2405425.68803738,-49.5354205607476,17.7558878504673,201.875420560748,4666.18009345794,24288.8881308411,-29.9067289719626,255.149439252336,-127.103177570093
"228",111.8524,855.170186915888,365411.323364486,9643761.3182243,-674.69476635514,-27.1077570093458,1771.23093457944,3755.84504672897,42.0552336448598,45.7935514018692,-128.03785046729,-42.9911214953271,-53.2719626168224,50.4665420560748,1767.44775700935,107622.066168224,2373051.66803738,-249.535420560748,217.765887850467,701.895420560748,3265.80009345794,21885.1981308411,-29.9067289719626,55.1394392523364,172.896822429907
"229",112.1354,655.160186915888,403296.333364486,10201114.4582243,1127.52523364486,772.932242990654,871.100934579439,3955.90504672897,42.0552336448598,245.803551401869,171.96214953271,-42.9911214953271,246.738037383178,50.4665420560748,567.317757009346,99669.3461682243,2138534.66803738,150.474579439252,17.7558878504673,101.875420560748,4666.18009345794,21384.4781308411,-129.906728971963,355.149439252336,-27.1031775700934
"230",112.4184,1255.20018691589,362547.943364486,8748033.9582243,526.755233644861,272.902242990654,871.100934579439,2355.47504672897,42.0552336448598,45.7935514018692,-28.0378504672897,257.018878504673,146.728037383178,50.4665420560748,1367.38775700935,103393.536168224,2159004.78803738,350.474579439252,117.755887850467,1.86542056074762,3265.80009345794,20783.6281308411,370.103271028037,255.149439252336,172.896822429907
"231",112.7015,755.160186915888,350179.713364486,9240602.7182243,1928.57523364486,72.9022429906542,1171.14093457944,2555.52504672897,42.0552336448598,145.793551401869,271.97214953271,157.008878504673,246.738037383178,-49.5334579439252,567.317757009346,106917.226168224,2194563.37803738,150.474579439252,117.755887850467,-98.1345794392524,3765.92009345794,22486.0781308411,170.093271028037,55.1394392523364,72.8968224299066
"232",112.9845,955.180186915888,378814.673364486,9788946.4782243,1628.17523364486,472.912242990654,2071.29093457944,3155.67504672897,142.05523364486,145.793551401869,171.96214953271,57.0088785046729,46.7280373831776,150.466542056075,1367.38775700935,112254.626168224,2333557.51803738,-249.535420560748,117.755887850467,401.885420560748,4066.00009345794,20883.7681308411,-129.906728971963,155.139439252336,372.906822429907
"233",113.2675,1155.19018691589,373185.983364486,9260936.3082243,1928.57523364486,472.912242990654,1571.20093457944,2555.52504672897,42.0552336448598,145.793551401869,-128.03785046729,57.0088785046729,246.738037383178,-49.5334579439252,1867.45775700935,114067.736168224,2251176.26803738,-149.535420560748,117.755887850467,401.885420560748,2365.63009345794,24389.0481308411,70.0932710280374,55.1394392523364,172.896822429907
"234",113.5505,1055.18018691589,362036.663364486,9854507.4182243,927.265233644859,472.912242990654,1571.20093457944,3255.70504672897,42.0552336448598,-54.2064485981308,-128.03785046729,-42.9911214953271,-53.2719626168224,-49.5334579439252,767.327757009346,107118.606168224,2334725.68803738,50.4645794392524,217.765887850467,101.875420560748,4666.18009345794,23287.2981308411,170.093271028037,-44.8605607476636,72.8968224299066
"235",113.8336,1255.20018691589,352632.153364486,9316432.4082243,827.135233644858,-27.1077570093458,1071.13093457944,2455.50504672897,-157.94476635514,45.7935514018692,71.9621495327103,-142.991121495327,146.728037383178,250.476542056075,867.337757009346,100675.796168224,2319317.47803738,-149.535420560748,217.765887850467,201.875420560748,3665.90009345794,22786.5381308411,-129.906728971963,255.149439252336,-127.103177570093
"236",114.1166,955.180186915888,363263.743364486,9814300.3882243,3430.65523364486,72.9022429906542,1071.13093457944,2655.54504672897,442.06523364486,345.803551401869,-28.0378504672897,257.018878504673,146.728037383178,150.466542056075,767.327757009346,113966.996168224,2176262.59803738,-149.535420560748,317.765887850467,501.885420560748,3665.90009345794,22385.9381308411,70.0932710280374,55.1394392523364,72.8968224299066
"237",114.3996,955.180186915888,368377.533364486,9689994.1282243,-474.46476635514,-227.107757009346,471.060934579439,2555.52504672897,342.06523364486,145.793551401869,71.9621495327103,57.0088785046729,246.738037383178,350.476542056075,1567.41775700935,108427.636168224,2003517.66803738,-49.5354205607476,17.7558878504673,1.86542056074762,3165.78009345794,22285.7881308411,170.093271028037,255.149439252336,-27.1031775700934
"238",114.6826,1255.20018691589,355493.823364486,8863015.9882243,1728.30523364486,572.922242990654,371.050934579439,3155.67504672897,42.0552336448598,145.793551401869,271.97214953271,57.0088785046729,146.728037383178,50.4665420560748,567.317757009346,103896.886168224,2237103.02803738,350.474579439252,217.765887850467,-98.1345794392524,4266.06009345794,21885.1981308411,270.103271028037,55.1394392523364,172.896822429907
"239",114.9657,1055.18018691589,406371.943364486,9559152.7182243,3630.94523364486,472.912242990654,971.110934579439,3255.70504672897,242.06523364486,45.7935514018692,171.96214953271,-142.991121495327,346.738037383178,150.466542056075,767.327757009346,117996.856168224,2444808.49803738,750.494579439252,-182.244112149533,301.875420560748,3565.87009345794,22586.2381308411,70.0932710280374,55.1394392523364,372.906822429907
"240",115.2487,1755.25018691589,368786.713364486,9307726.9382243,3731.08523364486,172.902242990654,1571.20093457944,1255.27504672897,42.0552336448598,145.793551401869,71.9621495327103,357.018878504673,146.728037383178,250.476542056075,1067.35775700935,105507.656168224,2224239.54803738,250.474579439252,317.765887850467,1.86542056074762,3365.83009345794,23287.2981308411,270.103271028037,455.149439252336,372.906822429907
"241",115.5317,1755.25018691589,350486.223364486,9223760.5282243,827.135233644858,472.912242990654,1171.14093457944,3755.84504672897,142.05523364486,245.803551401869,371.97214953271,357.018878504673,-153.271962616822,-49.5334579439252,1367.38775700935,105205.626168224,2143040.32803738,-49.5354205607476,17.7558878504673,201.875420560748,3065.76009345794,25190.3681308411,-29.9067289719626,355.149439252336,172.896822429907
"242",115.8147,1355.21018691589,339046.093364486,8719612.8582243,1928.57523364486,72.9022429906542,1171.14093457944,3355.72504672897,-157.94476635514,345.803551401869,-128.03785046729,257.018878504673,446.738037383178,-49.5334579439252,1567.41775700935,121019.916168224,2255570.60803738,-49.5354205607476,17.7558878504673,201.875420560748,4266.06009345794,21084.0481308411,270.103271028037,-144.860560747664,172.896822429907
"243",116.0978,1455.22018691589,366024.993364486,9623076.1582243,2028.70523364486,372.912242990654,471.060934579439,4456.07504672897,242.06523364486,245.803551401869,-128.03785046729,557.028878504673,146.728037383178,-49.5334579439252,1267.37775700935,105910.386168224,2264109.08803738,50.4645794392524,-182.244112149533,-298.134579439252,3165.78009345794,22385.9381308411,170.093271028037,155.139439252336,272.906822429907
"244",116.3808,1055.18018691589,354982.783364486,9486911.3182243,1828.43523364486,272.902242990654,871.100934579439,3255.70504672897,-57.9447663551402,445.803551401869,471.97214953271,-42.9911214953271,-53.2719626168224,350.476542056075,1267.37775700935,116989.286168224,2356711.62803738,-149.535420560748,417.765887850467,401.885420560748,2865.72009345794,25490.8781308411,70.0932710280374,-44.8605607476636,372.906822429907
"245",116.6638,655.160186915888,426582.763364486,10294223.0482243,1227.65523364486,72.9022429906542,1871.25093457944,3055.64504672897,242.06523364486,245.803551401869,-28.0378504672897,257.018878504673,446.738037383178,150.466542056075,767.327757009346,126563.716168224,2478767.87803738,250.474579439252,117.755887850467,1.86542056074762,3065.76009345794,27494.3981308411,170.093271028037,255.149439252336,172.896822429907
"246",116.9468,755.160186915888,354880.583364486,9833008.9782243,-474.46476635514,72.9022429906542,1071.13093457944,2155.43504672897,142.05523364486,245.803551401869,-28.0378504672897,157.008878504673,246.738037383178,350.476542056075,967.347757009346,103292.866168224,2176151.46803738,250.474579439252,117.755887850467,-98.1345794392524,5066.32009345794,19982.5481308411,70.0932710280374,55.1394392523364,172.896822429907
"247",117.2299,855.170186915888,348442.773364486,8720170.6682243,4031.52523364486,-127.107757009346,1071.13093457944,3055.64504672897,142.05523364486,45.7935514018692,171.96214953271,257.018878504673,46.7280373831776,-49.5334579439252,467.307757009346,106715.866168224,2201182.90803738,250.474579439252,317.765887850467,-98.1345794392524,3565.87009345794,22786.5381308411,470.103271028037,355.149439252336,72.8968224299066
"248",117.5129,855.170186915888,374106.903364486,9343641.7782243,2829.80523364486,-27.1077570093458,1771.23093457944,4756.18504672897,342.06523364486,245.803551401869,171.96214953271,-42.9911214953271,-53.2719626168224,150.466542056075,1467.40775700935,113966.996168224,2302101.26803738,350.474579439252,417.765887850467,-298.134579439252,3965.98009345794,20683.4881308411,270.103271028037,255.149439252336,172.896822429907
"249",117.7959,1955.27018691589,380554.833364486,9518230.0682243,2028.70523364486,372.912242990654,2071.29093457944,4155.97504672897,342.06523364486,145.793551401869,171.96214953271,-42.9911214953271,346.738037383178,250.476542056075,1667.42775700935,111146.706168224,2251621.18803738,650.494579439252,17.7558878504673,-98.1345794392524,4266.06009345794,26592.7881308411,170.093271028037,55.1394392523364,72.8968224299066
"250",118.0789,1055.18018691589,388439.063364486,10044033.9782243,1928.57523364486,272.902242990654,1671.22093457944,3555.78504672897,142.05523364486,645.813551401869,171.96214953271,157.008878504673,-153.271962616822,450.476542056075,967.347757009346,112758.246168224,2161772.16803738,150.474579439252,117.755887850467,-198.134579439252,3965.98009345794,25290.5381308411,-29.9067289719626,155.139439252336,72.8968224299066
"251",118.3619,1155.19018691589,385674.023364486,9677517.5682243,927.265233644859,72.9022429906542,871.100934579439,2955.62504672897,442.06523364486,245.803551401869,171.96214953271,57.0088785046729,-53.2719626168224,450.476542056075,1367.38775700935,102688.886168224,2058545.20803738,350.474579439252,217.765887850467,401.885420560748,3465.85009345794,20683.4881308411,570.113271028037,255.149439252336,72.8968224299066
"252",118.645,555.150186915888,332614.503364486,9030390.2082243,3230.36523364486,272.902242990654,1071.13093457944,2855.59504672897,242.06523364486,345.803551401869,-28.0378504672897,257.018878504673,146.728037383178,150.466542056075,1467.40775700935,109837.456168224,2164261.42803738,150.474579439252,-82.2441121495327,101.875420560748,3665.90009345794,23287.2981308411,370.103271028037,-44.8605607476636,372.906822429907
"253",118.928,955.180186915888,374516.213364486,9147785.5282243,-1876.06476635514,-27.1077570093458,1771.23093457944,4856.22504672897,342.06523364486,45.7935514018692,171.96214953271,357.018878504673,46.7280373831776,-49.5334579439252,1867.45775700935,115478.066168224,2328412.20803738,-149.535420560748,117.755887850467,201.875420560748,3165.78009345794,26192.0781308411,270.103271028037,55.1394392523364,372.906822429907
"254",119.211,1155.19018691589,363366.013364486,9336912.0882243,3030.08523364486,272.902242990654,771.090934579439,3655.81504672897,342.06523364486,-54.2064485981308,271.97214953271,-42.9911214953271,346.738037383178,350.476542056075,867.337757009346,109233.236168224,2317676.46803738,150.474579439252,317.765887850467,101.875420560748,3165.78009345794,22986.8381308411,70.0932710280374,355.149439252336,72.8968224299066
"255",119.494,855.170186915888,368889.013364486,8838947.2382243,426.635233644858,72.9022429906542,871.100934579439,4456.07504672897,242.06523364486,145.793551401869,71.9621495327103,57.0088785046729,346.738037383178,550.486542056075,1067.35775700935,100675.796168224,2258824.70803738,250.474579439252,17.7558878504673,401.885420560748,3165.78009345794,23187.1481308411,-29.9067289719626,255.149439252336,472.906822429907
"256",119.7771,2255.32018691589,381783.273364486,9876101.9482243,126.265233644859,72.9022429906542,1371.17093457944,3855.87504672897,142.05523364486,145.793551401869,771.99214953271,357.018878504673,-153.271962616822,250.476542056075,1367.38775700935,120919.136168224,2265736.22803738,-149.535420560748,217.765887850467,-198.134579439252,5166.35009345794,23287.2981308411,-29.9067289719626,-44.8605607476636,472.906822429907
"257",120.0601,1455.22018691589,382499.923364486,9250872.2482243,3831.23523364486,772.932242990654,1571.20093457944,3955.90504672897,442.06523364486,-54.2064485981308,271.97214953271,157.008878504673,-53.2719626168224,50.4665420560748,767.327757009346,109636.056168224,2284092.67803738,50.4645794392524,17.7558878504673,1.86542056074762,3765.92009345794,21384.4781308411,370.103271028037,455.149439252336,72.8968224299066
"258",120.3431,1155.19018691589,367866.083364486,9132216.7782243,1628.17523364486,-127.107757009346,1271.16093457944,3955.90504672897,42.0552336448598,-54.2064485981308,71.9621495327103,357.018878504673,46.7280373831776,250.476542056075,767.327757009346,117493.066168224,2368726.66803738,250.474579439252,417.765887850467,201.875420560748,3165.78009345794,20082.6781308411,370.103271028037,155.139439252336,72.8968224299066
"259",120.6261,1455.22018691589,354062.933364486,9347169.9082243,1928.57523364486,172.902242990654,1771.23093457944,3355.72504672897,342.06523364486,245.803551401869,271.97214953271,257.018878504673,246.738037383178,550.486542056075,767.327757009346,115075.106168224,2366362.59803738,250.474579439252,-182.244112149533,301.875420560748,4666.18009345794,23988.4081308411,270.103271028037,155.139439252336,272.906822429907
"260",120.9092,1355.21018691589,423400.733364486,10099130.0782243,2929.94523364486,-27.1077570093458,2171.31093457944,3355.72504672897,42.0552336448598,45.7935514018692,-28.0378504672897,457.018878504673,46.7280373831776,-49.5334579439252,1167.36775700935,126160.466168224,2398639.35803738,150.474579439252,317.765887850467,401.885420560748,3065.76009345794,24288.8881308411,170.093271028037,55.1394392523364,272.906822429907
"261",121.1922,755.160186915888,370116.603364486,9656601.9382243,1327.78523364486,572.922242990654,1671.22093457944,2755.57504672897,242.06523364486,145.793551401869,71.9621495327103,457.018878504673,-53.2719626168224,250.476542056075,1167.36775700935,115578.816168224,2216869.23803738,250.474579439252,17.7558878504673,401.885420560748,3965.98009345794,23587.7681308411,70.0932710280374,255.149439252336,-127.103177570093
"262",121.4752,1055.18018691589,377688.763364486,9590908.1882243,1828.43523364486,-27.1077570093458,2171.31093457944,3455.75504672897,242.06523364486,245.803551401869,-28.0378504672897,57.0088785046729,446.738037383178,650.486542056075,2467.55775700935,115981.796168224,2108371.77803738,350.474579439252,17.7558878504673,101.875420560748,3665.90009345794,23687.9281308411,170.093271028037,255.149439252336,472.906822429907
"263",121.7582,955.180186915888,363979.563364486,9381253.4982243,2429.24523364486,-27.1077570093458,2571.39093457944,3655.81504672897,142.05523364486,345.803551401869,71.9621495327103,357.018878504673,46.7280373831776,250.476542056075,1867.45775700935,114672.146168224,2116117.67803738,150.474579439252,217.765887850467,401.885420560748,2665.68009345794,21785.0481308411,270.103271028037,555.159439252336,672.916822429907
"264",122.0413,1255.20018691589,385571.633364486,9214812.8682243,1728.30523364486,-127.107757009346,1371.17093457944,3755.84504672897,342.06523364486,545.813551401869,-28.0378504672897,57.0088785046729,146.728037383178,50.4665420560748,1067.35775700935,112153.896168224,2284120.40803738,250.474579439252,117.755887850467,301.875420560748,4266.06009345794,26692.9581308411,70.0932710280374,155.139439252336,772.926822429907
"265",122.3243,1155.19018691589,402783.813364486,9906620.6982243,927.265233644859,-27.1077570093458,1171.14093457944,4256.00504672897,-57.9447663551402,245.803551401869,571.98214953271,157.008878504673,246.738037383178,250.476542056075,1267.37775700935,124043.576168224,2592049.12803738,150.474579439252,17.7558878504673,1.86542056074762,4666.18009345794,25390.7081308411,170.093271028037,-44.8605607476636,272.906822429907
"266",122.6073,1255.20018691589,413550.583364486,10771477.7482243,927.265233644859,372.912242990654,871.100934579439,4155.97504672897,142.05523364486,145.793551401869,71.9621495327103,257.018878504673,246.738037383178,250.476542056075,1267.37775700935,120213.716168224,2452985.45803738,50.4645794392524,117.755887850467,601.895420560748,3565.87009345794,25591.0481308411,270.103271028037,55.1394392523364,72.8968224299066
"267",122.8903,955.180186915888,384547.653364486,9883898.0382243,2829.80523364486,-27.1077570093458,671.080934579439,3855.87504672897,42.0552336448598,645.813551401869,-28.0378504672897,157.008878504673,-53.2719626168224,250.476542056075,1867.45775700935,116284.036168224,2275595.79803738,50.4645794392524,317.765887850467,101.875420560748,4666.18009345794,27093.6781308411,270.103271028037,155.139439252336,272.906822429907
"268",123.1734,955.180186915888,357844.873364486,9645058.1882243,1728.30523364486,572.922242990654,1071.13093457944,3455.75504672897,442.06523364486,345.803551401869,171.96214953271,257.018878504673,346.738037383178,250.476542056075,667.327757009346,113261.886168224,2296914.35803738,50.4645794392524,317.765887850467,101.875420560748,2865.72009345794,23888.2481308411,-29.9067289719626,155.139439252336,172.896822429907
"269",123.4564,655.160186915888,370116.603364486,9318518.3382243,1427.90523364486,-27.1077570093458,971.110934579439,3155.67504672897,-57.9447663551402,45.7935514018692,271.97214953271,257.018878504673,346.738037383178,250.476542056075,1667.42775700935,114571.416168224,2338341.30803738,-49.5354205607476,817.785887850467,201.875420560748,3965.98009345794,23687.9281308411,270.103271028037,55.1394392523364,72.8968224299066
"270",123.7394,555.150186915888,374720.873364486,9478508.9682243,2228.97523364486,72.9022429906542,1671.22093457944,2855.59504672897,242.06523364486,445.803551401869,471.97214953271,357.018878504673,246.738037383178,-49.5334579439252,1267.37775700935,113261.886168224,2464666.70803738,50.4645794392524,17.7558878504673,201.875420560748,2865.72009345794,23086.9981308411,270.103271028037,55.1394392523364,272.906822429907
"271",124.0224,455.150186915888,402578.783364486,9623706.6282243,3330.50523364486,372.912242990654,1571.20093457944,5256.37504672897,242.06523364486,245.803551401869,371.97214953271,57.0088785046729,146.728037383178,-149.533457943925,1767.44775700935,114873.626168224,2217300.29803738,450.484579439252,17.7558878504673,-98.1345794392524,3965.98009345794,24188.7281308411,70.0932710280374,155.139439252336,172.896822429907
"272",124.3055,655.160186915888,389156.003364486,10053042.5782243,3330.50523364486,472.912242990654,2171.31093457944,3655.81504672897,142.05523364486,645.813551401869,471.97214953271,-142.991121495327,246.738037383178,-49.5334579439252,2067.48775700935,124446.776168224,2485929.59803738,550.484579439252,117.755887850467,1.86542056074762,3665.90009345794,28496.2681308411,170.093271028037,255.149439252336,272.906822429907
"273",124.5885,455.150186915888,409448.093364486,10480815.2382243,2629.52523364486,-127.107757009346,971.110934579439,3855.87504672897,542.07523364486,445.803551401869,271.97214953271,257.018878504673,146.728037383178,50.4665420560748,1667.42775700935,110441.716168224,2438439.35803738,250.474579439252,17.7558878504673,1.86542056074762,4466.12009345794,26192.0781308411,70.0932710280374,55.1394392523364,372.906822429907
"274",124.8715,1655.24018691589,345582.323364486,9194951.9282243,526.755233644861,72.9022429906542,2171.31093457944,3055.64504672897,42.0552336448598,545.813551401869,71.9621495327103,-42.9911214953271,346.738037383178,350.476542056075,1167.36775700935,114974.356168224,2168363.76803738,-49.5354205607476,217.765887850467,201.875420560748,3265.80009345794,25190.3681308411,70.0932710280374,55.1394392523364,72.8968224299066
"275",125.1545,955.180186915888,346501.703364486,9122455.8382243,1227.65523364486,472.912242990654,671.080934579439,2855.59504672897,342.06523364486,245.803551401869,171.96214953271,457.018878504673,346.738037383178,50.4665420560748,1567.41775700935,111448.856168224,2200431.93803738,450.484579439252,417.765887850467,101.875420560748,2865.72009345794,24889.8681308411,70.0932710280374,355.149439252336,72.8968224299066
"276",125.4375,455.150186915888,353756.323364486,9279754.2782243,226.385233644858,72.9022429906542,671.080934579439,4155.97504672897,-157.94476635514,145.793551401869,171.96214953271,257.018878504673,346.738037383178,450.476542056075,2067.48775700935,111751.016168224,2385330.95803738,50.4645794392524,-82.2441121495327,301.875420560748,3765.92009345794,22285.7881308411,470.103271028037,155.139439252336,72.8968224299066
"277",125.7206,1555.23018691589,359685.033364486,10299363.6782243,5033.02523364486,272.902242990654,1571.20093457944,2255.45504672897,342.06523364486,545.813551401869,71.9621495327103,457.018878504673,146.728037383178,350.476542056075,1167.36775700935,115981.796168224,2257962.59803738,50.4645794392524,217.765887850467,301.875420560748,3165.78009345794,21785.0481308411,-29.9067289719626,155.139439252336,72.8968224299066
"278",126.0036,1055.18018691589,409653.223364486,9632412.0982243,2128.84523364486,572.922242990654,2471.37093457944,3855.87504672897,242.06523364486,345.803551401869,371.97214953271,-42.9911214953271,146.728037383178,150.466542056075,1567.41775700935,115981.796168224,2425951.46803738,50.4645794392524,117.755887850467,201.875420560748,3265.80009345794,23487.6181308411,670.113271028037,55.1394392523364,72.8968224299066
"279",126.2866,1055.18018691589,392741.163364486,10397394.9282243,4832.72523364486,272.902242990654,2071.29093457944,4155.97504672897,42.0552336448598,245.803551401869,471.97214953271,157.008878504673,346.738037383178,50.4665420560748,1567.41775700935,111247.436168224,2382494.04803738,450.484579439252,217.765887850467,-98.1345794392524,3665.90009345794,22586.2381308411,-29.9067289719626,655.159439252336,-27.1031775700934
"280",126.5696,855.170186915888,384752.443364486,9237777.7182243,2028.70523364486,372.912242990654,1271.16093457944,2755.57504672897,142.05523364486,545.813551401869,471.97214953271,-42.9911214953271,146.728037383178,250.476542056075,1367.38775700935,97354.7461682243,2110694.03803738,50.4645794392524,17.7558878504673,-198.134579439252,3465.85009345794,23287.2981308411,470.103271028037,55.1394392523364,172.896822429907
"281",126.8527,455.150186915888,394687.713364486,9168482.3982243,2228.97523364486,72.9022429906542,1171.14093457944,2955.62504672897,-57.9447663551402,145.793551401869,71.9621495327103,57.0088785046729,346.738037383178,750.496542056075,1167.36775700935,112758.246168224,2367934.08803738,50.4645794392524,217.765887850467,101.875420560748,4066.00009345794,26091.9081308411,370.103271028037,255.149439252336,172.896822429907
"282",127.1357,1355.21018691589,369093.603364486,9476787.0982243,3530.79523364486,272.902242990654,1971.27093457944,4155.97504672897,142.05523364486,145.793551401869,171.96214953271,-42.9911214953271,-53.2719626168224,650.486542056075,1367.38775700935,112556.796168224,2270380.95803738,350.474579439252,217.765887850467,1.86542056074762,4766.21009345794,23487.6181308411,-29.9067289719626,355.149439252336,172.896822429907
"283",127.4187,1855.26018691589,368684.423364486,9670884.7582243,2729.66523364486,472.912242990654,1071.13093457944,2755.57504672897,142.05523364486,345.803551401869,71.9621495327103,57.0088785046729,246.738037383178,50.4665420560748,1067.35775700935,124245.176168224,2385219.62803738,250.474579439252,117.755887850467,201.875420560748,4666.18009345794,26091.9081308411,370.103271028037,55.1394392523364,272.906822429907
"284",127.7017,1155.19018691589,359787.273364486,8919166.7682243,1628.17523364486,-27.1077570093458,1471.18093457944,3055.64504672897,142.05523364486,645.813551401869,671.98214953271,-42.9911214953271,446.738037383178,150.466542056075,1067.35775700935,106615.166168224,2306467.87803738,250.474579439252,117.755887850467,101.875420560748,4366.09009345794,21184.1881308411,70.0932710280374,155.139439252336,272.906822429907
"285",127.9848,655.160186915888,359378.313364486,8929824.5782243,-574.584766355139,572.922242990654,1571.20093457944,2555.52504672897,342.06523364486,45.7935514018692,371.97214953271,-142.991121495327,346.738037383178,250.476542056075,867.337757009346,114571.416168224,2070073.52803738,150.474579439252,117.755887850467,301.875420560748,4766.21009345794,24589.3781308411,370.103271028037,255.149439252336,372.906822429907
"286",128.2678,1155.19018691589,350997.163364486,8786276.1382243,126.265233644859,172.902242990654,1371.17093457944,3255.70504672897,442.06523364486,245.803551401869,171.96214953271,157.008878504673,446.738037383178,-149.533457943925,867.337757009346,117090.046168224,2313490.72803738,650.494579439252,-82.2441121495327,501.885420560748,4066.00009345794,20783.6281308411,170.093271028037,55.1394392523364,172.896822429907
"287",128.5508,1355.21018691589,347727.613364486,8619216.7682243,626.885233644858,172.902242990654,1271.16093457944,2255.45504672897,242.06523364486,445.803551401869,271.97214953271,257.018878504673,546.748037383178,250.476542056075,367.307757009346,121120.696168224,2415563.38803738,150.474579439252,317.765887850467,501.885420560748,3665.90009345794,24288.8881308411,-29.9067289719626,355.149439252336,772.926822429907
"288",128.8338,855.170186915888,394687.713364486,10481785.5582243,4231.81523364486,-27.1077570093458,1371.17093457944,3955.90504672897,-157.94476635514,245.803551401869,271.97214953271,457.018878504673,146.728037383178,350.476542056075,1767.44775700935,111046.006168224,2309513.37803738,450.484579439252,117.755887850467,101.875420560748,3165.78009345794,25691.2181308411,70.0932710280374,55.1394392523364,272.906822429907
"289",129.1169,1255.20018691589,379838.253364486,9130991.7782243,526.755233644861,272.902242990654,1471.18093457944,3855.87504672897,42.0552336448598,345.803551401869,571.98214953271,-42.9911214953271,446.738037383178,450.476542056075,1867.45775700935,114168.466168224,2380992.09803738,150.474579439252,17.7558878504673,-98.1345794392524,4866.25009345794,23287.2981308411,370.103271028037,355.149439252336,172.896822429907
"290",129.3999,1355.21018691589,368684.423364486,9923450.3882243,4832.72523364486,172.902242990654,2171.31093457944,2555.52504672897,242.06523364486,145.793551401869,271.97214953271,757.038878504673,-53.2719626168224,450.476542056075,1167.36775700935,112053.176168224,2277236.81803738,150.474579439252,117.755887850467,-98.1345794392524,3665.90009345794,22285.7881308411,170.093271028037,255.149439252336,472.906822429907
"291",129.6829,1055.18018691589,383933.303364486,9018192.5582243,2629.52523364486,-27.1077570093458,1471.18093457944,2355.47504672897,242.06523364486,245.803551401869,271.97214953271,557.028878504673,-53.2719626168224,50.4665420560748,1667.42775700935,118299.126168224,2360021.38803738,150.474579439252,17.7558878504673,201.875420560748,2765.70009345794,22786.5381308411,170.093271028037,455.149439252336,72.8968224299066
"292",129.9659,755.160186915888,387926.973364486,9005982.3982243,3630.94523364486,72.9022429906542,1571.20093457944,2955.62504672897,442.06523364486,45.7935514018692,-128.03785046729,57.0088785046729,146.728037383178,250.476542056075,1467.40775700935,123640.386168224,2184495.21803738,450.484579439252,17.7558878504673,301.875420560748,4166.03009345794,19782.2781308411,170.093271028037,355.149439252336,172.896822429907
"293",130.249,1055.18018691589,350179.713364486,8816564.4282243,2529.38523364486,272.902242990654,771.090934579439,4055.94504672897,342.06523364486,245.803551401869,171.96214953271,57.0088785046729,346.738037383178,250.476542056075,667.327757009346,117190.806168224,2199249.89803738,50.4645794392524,117.755887850467,101.875420560748,4366.09009345794,22586.2381308411,70.0932710280374,255.149439252336,172.896822429907
"294",130.532,755.160186915888,371855.833364486,9828668.3482243,2529.38523364486,172.902242990654,1271.16093457944,2855.59504672897,442.06523364486,745.823551401869,271.97214953271,457.018878504673,46.7280373831776,350.476542056075,667.327757009346,117090.046168224,2552902.64803738,550.484579439252,117.755887850467,401.885420560748,2965.74009345794,24288.8881308411,270.103271028037,-44.8605607476636,-27.1031775700934
"295",130.815,1355.21018691589,409037.933364486,10713434.7782243,2429.24523364486,572.922242990654,1071.13093457944,4356.04504672897,142.05523364486,-154.206448598131,371.97214953271,257.018878504673,346.738037383178,450.476542056075,967.347757009346,117291.546168224,2484719.82803738,50.4645794392524,117.755887850467,1.86542056074762,4566.15009345794,27494.3981308411,470.103271028037,355.149439252336,172.896822429907
"296",131.098,455.150186915888,365309.083364486,9038841.7682243,3430.65523364486,272.902242990654,871.100934579439,3155.67504672897,42.0552336448598,145.793551401869,471.97214953271,357.018878504673,246.738037383178,250.476542056075,1167.36775700935,122128.526168224,2403325.88803738,450.484579439252,517.775887850467,501.885420560748,4066.00009345794,27394.2181308411,170.093271028037,155.139439252336,172.896822429907
"297",131.381,855.170186915888,368582.123364486,8508587.8582243,2629.52523364486,372.912242990654,971.110934579439,2855.59504672897,42.0552336448598,445.803551401869,71.9621495327103,57.0088785046729,-53.2719626168224,450.476542056075,1367.38775700935,106514.486168224,2181978.21803738,350.474579439252,417.765887850467,101.875420560748,2365.63009345794,21084.0481308411,170.093271028037,255.149439252336,-27.1031775700934
"298",131.6641,355.150186915888,352836.543364486,8824712.8582243,2329.11523364486,572.922242990654,1271.16093457944,2355.47504672897,242.06523364486,345.803551401869,371.97214953271,157.008878504673,346.738037383178,350.476542056075,967.347757009346,99166.1361682243,2019982.90803738,250.474579439252,17.7558878504673,1.86542056074762,3665.90009345794,18881.1181308411,70.0932710280374,-44.8605607476636,272.906822429907
"299",131.9471,555.150186915888,326593.573364486,7978333.9382243,-474.46476635514,1072.95224299065,571.070934579439,2955.62504672897,42.0552336448598,345.803551401869,471.97214953271,157.008878504673,446.738037383178,350.476542056075,1567.41775700935,94336.2261682243,2093728.41803738,450.484579439252,-182.244112149533,1.86542056074762,3265.80009345794,21484.6181308411,570.113271028037,455.149439252336,172.896822429907
"300",132.2301,955.180186915888,371651.213364486,9172920.6782243,1728.30523364486,272.902242990654,771.090934579439,3255.70504672897,-57.9447663551402,345.803551401869,571.98214953271,557.028878504673,446.738037383178,-149.533457943925,567.317757009346,105608.346168224,2321361.62803738,-49.5354205607476,417.765887850467,301.875420560748,3865.95009345794,24789.7081308411,470.103271028037,255.149439252336,472.906822429907
"301",132.5132,1055.18018691589,372367.433364486,9437840.9982243,2529.38523364486,272.902242990654,1271.16093457944,2955.62504672897,442.06523364486,345.803551401869,371.97214953271,557.028878504673,46.7280373831776,350.476542056075,1167.36775700935,112355.346168224,2286039.54803738,50.4645794392524,217.765887850467,601.895420560748,3565.87009345794,23387.4581308411,370.103271028037,355.149439252336,272.906822429907
"302",132.7962,1255.20018691589,376869.963364486,9874380.0682243,3731.08523364486,372.912242990654,2371.35093457944,3255.70504672897,342.06523364486,745.823551401869,471.97214953271,557.028878504673,146.728037383178,450.476542056075,1067.35775700935,110743.856168224,2345850.68803738,150.474579439252,417.765887850467,1.86542056074762,4266.06009345794,24589.3781308411,270.103271028037,555.159439252336,172.896822429907
"303",133.0792,1555.23018691589,361320.923364486,8491188.6382243,126.265233644859,-27.1077570093458,2371.35093457944,3355.72504672897,542.07523364486,245.803551401869,171.96214953271,357.018878504673,46.7280373831776,-49.5334579439252,567.317757009346,108024.846168224,2022360.83803738,350.474579439252,617.775887850467,501.885420560748,4166.03009345794,21785.0481308411,170.093271028037,155.139439252336,572.916822429907
"304",133.3622,1055.18018691589,364286.373364486,8803905.8282243,26.1352336448581,672.922242990654,1071.13093457944,2955.62504672897,42.0552336448598,1545.88355140187,771.99214953271,57.0088785046729,146.728037383178,150.466542056075,1367.38775700935,118802.946168224,2301906.73803738,50.4645794392524,417.765887850467,601.895420560748,4566.15009345794,23988.4081308411,670.113271028037,155.139439252336,572.916822429907
"305",133.6452,755.160186915888,363468.263364486,9779974.5982243,3931.37523364486,72.9022429906542,971.110934579439,3655.81504672897,42.0552336448598,245.803551401869,271.97214953271,357.018878504673,-53.2719626168224,550.486542056075,1567.41775700935,113362.606168224,2373385.44803738,-49.5354205607476,317.765887850467,201.875420560748,3065.76009345794,21584.7581308411,170.093271028037,155.139439252336,-27.1031775700934
"306",133.9283,355.150186915888,358560.443364486,8669536.2982243,1728.30523364486,272.902242990654,771.090934579439,2755.57504672897,342.06523364486,545.813551401869,171.96214953271,157.008878504673,246.738037383178,250.476542056075,767.327757009346,116082.536168224,2153484.07803738,250.474579439252,17.7558878504673,401.885420560748,4466.12009345794,27394.2181308411,170.093271028037,355.149439252336,272.906822429907
"307",134.2113,855.170186915888,376051.243364486,9038368.3382243,-774.814766355143,-27.1077570093458,1671.22093457944,2955.62504672897,142.05523364486,45.7935514018692,71.9621495327103,-42.9911214953271,346.738037383178,50.4665420560748,967.347757009346,116787.786168224,2296302.44803738,-149.535420560748,17.7558878504673,101.875420560748,2965.74009345794,24589.3781308411,70.0932710280374,355.149439252336,-27.1031775700934
"308",134.4943,655.160186915888,380759.543364486,8972298.7982243,3130.22523364486,-27.1077570093458,1171.14093457944,2655.54504672897,42.0552336448598,345.803551401869,-28.0378504672897,157.008878504673,46.7280373831776,450.476542056075,767.327757009346,112355.346168224,2154512.98803738,50.4645794392524,117.755887850467,601.895420560748,4166.03009345794,21484.6181308411,270.103271028037,55.1394392523364,-27.1031775700934
"309",134.7773,555.150186915888,367456.933364486,9185069.8982243,2929.94523364486,72.9022429906542,1271.16093457944,2255.45504672897,242.06523364486,145.793551401869,71.9621495327103,357.018878504673,146.728037383178,50.4665420560748,467.307757009346,130596.806168224,2348451.26803738,650.494579439252,217.765887850467,301.875420560748,5066.32009345794,24589.3781308411,70.0932710280374,255.149439252336,272.906822429907
"310",135.0604,755.160186915888,380042.993364486,9604233.1882243,2028.70523364486,172.902242990654,1371.17093457944,4055.94504672897,242.06523364486,345.803551401869,271.97214953271,257.018878504673,246.738037383178,450.476542056075,1567.41775700935,120717.586168224,2346129.00803738,350.474579439252,317.765887850467,201.875420560748,2965.74009345794,26192.0781308411,170.093271028037,655.159439252336,172.896822429907
"311",135.3434,1655.24018691589,380964.303364486,9503801.1582243,1728.30523364486,272.902242990654,1071.13093457944,2555.52504672897,542.07523364486,345.803551401869,71.9621495327103,-42.9911214953271,146.728037383178,250.476542056075,767.327757009346,108528.326168224,2267307.71803738,350.474579439252,517.775887850467,501.885420560748,2865.72009345794,24889.8681308411,170.093271028037,355.149439252336,372.906822429907
"312",135.6264,555.150186915888,356822.633364486,8945757.3982243,26.1352336448581,372.912242990654,1871.25093457944,2455.50504672897,242.06523364486,245.803551401869,271.97214953271,357.018878504673,46.7280373831776,250.476542056075,767.327757009346,114571.416168224,2126255.36803738,150.474579439252,17.7558878504673,601.895420560748,3465.85009345794,20182.8081308411,270.103271028037,555.159439252336,372.906822429907
"313",135.9094,255.140186915888,344765.153364486,8759540.2082243,3330.50523364486,472.912242990654,771.090934579439,3055.64504672897,242.06523364486,345.803551401869,-28.0378504672897,657.028878504673,246.738037383178,450.476542056075,1267.37775700935,107924.156168224,2086858.68803738,250.474579439252,117.755887850467,601.895420560748,2665.68009345794,22586.2381308411,270.103271028037,-44.8605607476636,672.916822429907
"314",136.1925,1155.19018691589,337514.503364486,9199510.5282243,2829.80523364486,472.912242990654,2971.49093457944,2555.52504672897,442.06523364486,145.793551401869,71.9621495327103,457.018878504673,246.738037383178,750.496542056075,1167.36775700935,99568.7061682243,2203074.11803738,750.494579439252,1117.81588785047,401.885420560748,4366.09009345794,22085.4881308411,70.0932710280374,855.169439252336,172.896822429907
"315",136.4755,755.160186915888,363263.743364486,9047013.6482243,727.015233644859,72.9022429906542,1371.17093457944,2155.43504672897,242.06523364486,245.803551401869,471.97214953271,57.0088785046729,146.728037383178,650.486542056075,867.337757009346,121926.956168224,2293507.12803738,350.474579439252,317.765887850467,1.86542056074762,4266.06009345794,22786.5381308411,470.103271028037,-44.8605607476636,-27.1031775700934
"316",136.7585,755.160186915888,358356.003364486,9550713.6582243,2329.11523364486,572.922242990654,1871.25093457944,2555.52504672897,342.06523364486,-154.206448598131,171.96214953271,157.008878504673,146.728037383178,150.466542056075,2167.50775700935,120415.266168224,2455252.24803738,550.484579439252,317.765887850467,401.885420560748,3765.92009345794,26692.9581308411,370.103271028037,255.149439252336,-27.1031775700934
"317",137.0415,755.160186915888,401246.263364486,9576224.5982243,3530.79523364486,-127.107757009346,1771.23093457944,3755.84504672897,-57.9447663551402,645.813551401869,171.96214953271,357.018878504673,146.728037383178,450.476542056075,2067.48775700935,112254.626168224,2467392.48803738,-49.5354205607476,617.775887850467,601.895420560748,2165.60009345794,26192.0781308411,70.0932710280374,355.149439252336,372.906822429907
"318",137.3246,855.170186915888,378200.513364486,9566718.3482243,2028.70523364486,-127.107757009346,1671.22093457944,3755.84504672897,342.06523364486,45.7935514018692,271.97214953271,357.018878504673,246.738037383178,350.476542056075,867.337757009346,112254.626168224,2096871.18803738,150.474579439252,17.7558878504673,201.875420560748,3565.87009345794,22185.6381308411,470.103271028037,455.149439252336,272.906822429907
"319",137.6076,855.170186915888,341905.363364486,8713428.4882243,927.265233644859,172.902242990654,1271.16093457944,3055.64504672897,542.07523364486,45.7935514018692,171.96214953271,157.008878504673,46.7280373831776,450.476542056075,867.337757009346,110643.146168224,2164136.22803738,150.474579439252,417.765887850467,201.875420560748,4166.03009345794,25591.0481308411,370.103271028037,255.149439252336,272.906822429907
"320",137.8906,655.160186915888,374413.863364486,8910606.6182243,5133.17523364486,72.9022429906542,1071.13093457944,3255.70504672897,242.06523364486,245.803551401869,71.9621495327103,257.018878504673,246.738037383178,450.476542056075,967.347757009346,103896.886168224,2233237.00803738,50.4645794392524,317.765887850467,301.875420560748,4366.09009345794,24589.3781308411,470.103271028037,455.149439252336,372.906822429907
"321",138.1736,355.150186915888,383318.993364486,9158309.7482243,927.265233644859,372.912242990654,1871.25093457944,4456.07504672897,542.07523364486,645.813551401869,71.9621495327103,157.008878504673,-53.2719626168224,250.476542056075,1067.35775700935,116082.536168224,2260938.57803738,450.484579439252,117.755887850467,201.875420560748,4266.06009345794,27294.0381308411,270.103271028037,55.1394392523364,472.906822429907
"322",138.4566,655.160186915888,401758.763364486,10313295.7082243,927.265233644859,372.912242990654,771.090934579439,4055.94504672897,642.07523364486,345.803551401869,471.97214953271,-42.9911214953271,146.728037383178,150.466542056075,1767.44775700935,122229.306168224,2623032.52803738,150.474579439252,-82.2441121495327,201.875420560748,4666.18009345794,26793.1381308411,70.0932710280374,155.139439252336,172.896822429907
"323",138.7397,855.170186915888,397146.873364486,10097372.2682243,1528.04523364486,372.912242990654,1871.25093457944,2755.57504672897,142.05523364486,245.803551401869,171.96214953271,57.0088785046729,646.748037383178,650.486542056075,1267.37775700935,108427.636168224,2389683.69803738,250.474579439252,117.755887850467,501.885420560748,4266.06009345794,24589.3781308411,170.093271028037,55.1394392523364,72.8968224299066
"324",139.0227,1155.19018691589,388131.813364486,9461060.5282243,526.755233644861,272.902242990654,1771.23093457944,3955.90504672897,342.06523364486,45.7935514018692,371.97214953271,457.018878504673,346.738037383178,750.496542056075,1467.40775700935,104198.886168224,2327730.76803738,150.474579439252,517.775887850467,1.86542056074762,5466.46009345794,23387.4581308411,170.093271028037,255.149439252336,-27.1031775700934
"325",139.3057,1255.20018691589,386902.883364486,8985284.7382243,326.505233644861,272.902242990654,2271.33093457944,3755.84504672897,242.06523364486,545.813551401869,771.99214953271,157.008878504673,-53.2719626168224,250.476542056075,1867.45775700935,121423.046168224,2354611.81803738,-49.5354205607476,317.765887850467,801.905420560748,3665.90009345794,26492.6081308411,-29.9067289719626,355.149439252336,372.906822429907
"326",139.5887,955.180186915888,396327.123364486,10679448.0582243,3530.79523364486,772.932242990654,1771.23093457944,3055.64504672897,342.06523364486,345.803551401869,271.97214953271,657.028878504673,446.738037383178,50.4665420560748,1167.36775700935,121120.696168224,2589309.47803738,-49.5354205607476,217.765887850467,301.875420560748,4466.12009345794,26993.4981308411,270.103271028037,155.139439252336,372.906822429907
"327",139.8718,755.160186915888,427917.333364486,11055919.9382243,2629.52523364486,272.902242990654,471.060934579439,4856.22504672897,42.0552336448598,245.803551401869,671.98214953271,657.028878504673,846.758037383178,350.476542056075,1667.42775700935,112657.516168224,2417524.12803738,250.474579439252,317.765887850467,301.875420560748,4766.21009345794,24288.8881308411,-29.9067289719626,355.149439252336,272.906822429907
"328",140.1548,655.160186915888,379735.913364486,9101612.8682243,1427.90523364486,572.922242990654,971.110934579439,4256.00504672897,-57.9447663551402,245.803551401869,471.97214953271,357.018878504673,546.748037383178,50.4665420560748,667.327757009346,110240.306168224,2284315.13803738,250.474579439252,17.7558878504673,601.895420560748,3365.83009345794,24489.2081308411,370.103271028037,255.149439252336,872.926822429907
"329",140.4378,1055.18018691589,342109.613364486,8609650.3582243,126.265233644859,-227.107757009346,2271.33093457944,2655.54504672897,42.0552336448598,245.803551401869,71.9621495327103,257.018878504673,146.728037383178,50.4665420560748,767.327757009346,108528.326168224,2141079.58803738,250.474579439252,417.765887850467,301.875420560748,4266.06009345794,22886.6881308411,-29.9067289719626,355.149439252336,272.906822429907
"330",140.7208,1155.19018691589,335268.473364486,8708518.3282243,-574.584766355139,-27.1077570093458,1671.22093457944,3555.78504672897,342.06523364486,545.813551401869,471.97214953271,457.018878504673,146.728037383178,750.496542056075,667.327757009346,99769.9861682243,2059198.91803738,450.484579439252,117.755887850467,401.885420560748,3365.83009345794,23487.6181308411,70.0932710280374,255.149439252336,372.906822429907
"331",141.0039,955.180186915888,326389.503364486,8950655.8382243,2329.11523364486,272.902242990654,1071.13093457944,2855.59504672897,342.06523364486,445.803551401869,171.96214953271,57.0088785046729,446.738037383178,550.486542056075,1767.44775700935,102487.566168224,2103879.97803738,350.474579439252,517.775887850467,501.885420560748,4166.03009345794,21484.6181308411,70.0932710280374,155.139439252336,272.906822429907
"332",141.2869,455.150186915888,342007.493364486,8382426.1282243,2929.94523364486,372.912242990654,1071.13093457944,3455.75504672897,542.07523364486,445.803551401869,-28.0378504672897,157.008878504673,146.728037383178,150.466542056075,1067.35775700935,114168.466168224,2227507.51803738,50.4645794392524,417.765887850467,501.885420560748,4666.18009345794,23988.4081308411,570.113271028037,155.139439252336,372.906822429907
"333",141.5699,1555.23018691589,378302.853364486,9010262.8682243,3030.08523364486,72.9022429906542,2171.31093457944,3155.67504672897,342.06523364486,445.803551401869,171.96214953271,357.018878504673,646.748037383178,250.476542056075,1967.47775700935,114369.926168224,2305258.10803738,550.484579439252,217.765887850467,501.885420560748,4866.25009345794,25591.0481308411,670.113271028037,55.1394392523364,472.906822429907
"334",141.8529,1255.20018691589,347625.463364486,9416609.7482243,2729.66523364486,672.922242990654,1371.17093457944,3655.81504672897,242.06523364486,145.793551401869,371.97214953271,157.008878504673,46.7280373831776,-49.5334579439252,1667.42775700935,115075.106168224,2253206.54803738,850.504579439252,517.775887850467,401.885420560748,3365.83009345794,23888.2481308411,570.113271028037,555.159439252336,172.896822429907
"335",142.136,655.160186915888,353245.333364486,9353001.9382243,4131.67523364486,772.932242990654,1871.25093457944,4155.97504672897,342.06523364486,345.803551401869,371.97214953271,257.018878504673,346.738037383178,50.4665420560748,1667.42775700935,108830.426168224,2290698.14803738,50.4645794392524,417.765887850467,801.905420560748,4366.09009345794,21985.3381308411,470.103271028037,455.149439252336,72.8968224299066
"336",142.419,555.150186915888,396532.053364486,10059383.9782243,1528.04523364486,372.912242990654,1471.18093457944,3455.75504672897,442.06523364486,245.803551401869,471.97214953271,657.028878504673,346.738037383178,450.476542056075,1367.38775700935,115981.796168224,2377154.00803738,-149.535420560748,317.765887850467,401.885420560748,3665.90009345794,25190.3681308411,170.093271028037,155.139439252336,372.906822429907
"337",142.702,1255.20018691589,381578.513364486,9472870.6882243,3130.22523364486,372.912242990654,1371.17093457944,5656.54504672897,442.06523364486,445.803551401869,171.96214953271,557.028878504673,346.738037383178,250.476542056075,967.347757009346,106514.486168224,2256752.63803738,450.484579439252,17.7558878504673,1.86542056074762,4166.03009345794,22586.2381308411,170.093271028037,455.149439252336,372.906822429907
"338",142.985,1155.19018691589,405859.303364486,9392432.4082243,626.885233644858,272.902242990654,1171.14093457944,4556.11504672897,342.06523364486,345.803551401869,571.98214953271,257.018878504673,546.748037383178,150.466542056075,867.337757009346,108326.936168224,2215464.74803738,250.474579439252,217.765887850467,1.86542056074762,4866.25009345794,21284.3381308411,570.113271028037,455.149439252336,372.906822429907
"339",143.2681,1355.21018691589,338331.323364486,8325935.5082243,2629.52523364486,572.922242990654,1471.18093457944,3455.75504672897,242.06523364486,545.813551401869,271.97214953271,557.028878504673,346.738037383178,350.476542056075,1367.38775700935,105910.386168224,2295245.60803738,150.474579439252,517.775887850467,101.875420560748,4766.21009345794,24389.0481308411,270.103271028037,555.159439252336,272.906822429907
"340",143.5511,1155.19018691589,370218.893364486,9655594.9082243,1227.65523364486,272.902242990654,2171.31093457944,3755.84504672897,242.06523364486,445.803551401869,71.9621495327103,157.008878504673,146.728037383178,550.486542056075,1567.41775700935,125757.236168224,2308929.39803738,150.474579439252,-182.244112149533,301.875420560748,5266.39009345794,26091.9081308411,170.093271028037,355.149439252336,172.896822429907
"341",143.8341,355.150186915888,373595.263364486,9281137.0882243,5433.64523364486,772.932242990654,3271.57093457944,3755.84504672897,42.0552336448598,-154.206448598131,271.97214953271,157.008878504673,246.738037383178,450.476542056075,1367.38775700935,111146.706168224,2228467.08803738,250.474579439252,217.765887850467,201.875420560748,3865.95009345794,20783.6281308411,570.113271028037,555.159439252336,172.896822429907
"342",144.1171,755.160186915888,346093.083364486,9051415.2082243,426.635233644858,372.912242990654,1371.17093457944,3255.70504672897,442.06523364486,345.803551401869,571.98214953271,357.018878504673,446.738037383178,250.476542056075,767.327757009346,108729.726168224,2266209.08803738,350.474579439252,217.765887850467,501.885420560748,3865.95009345794,24188.7281308411,70.0932710280374,455.149439252336,172.896822429907
"343",144.4002,955.180186915888,374720.873364486,9367418.3382243,5934.43523364486,72.9022429906542,1171.14093457944,2455.50504672897,342.06523364486,545.813551401869,71.9621495327103,457.018878504673,346.738037383178,250.476542056075,1267.37775700935,105608.346168224,2228759.07803738,250.474579439252,317.765887850467,201.875420560748,3265.80009345794,20182.8081308411,270.103271028037,155.139439252336,672.916822429907
"344",144.6832,955.180186915888,362343.433364486,8211208.1582243,1728.30523364486,272.902242990654,1071.13093457944,3055.64504672897,542.07523364486,445.803551401869,571.98214953271,157.008878504673,346.738037383178,50.4665420560748,667.327757009346,106615.166168224,2216229.58803738,50.4645794392524,617.775887850467,201.875420560748,3165.78009345794,22486.0781308411,270.103271028037,255.149439252336,372.906822429907
"345",144.9662,1155.19018691589,358151.563364486,9135648.0282243,927.265233644859,272.902242990654,671.080934579439,3955.90504672897,142.05523364486,445.803551401869,571.98214953271,57.0088785046729,-53.2719626168224,1250.52654205607,1367.38775700935,102185.606168224,2162523.14803738,350.474579439252,117.755887850467,1.86542056074762,4266.06009345794,24088.5681308411,570.113271028037,355.149439252336,372.906822429907
"346",145.2492,1155.19018691589,379531.173364486,9478860.5282243,3430.65523364486,172.902242990654,1471.18093457944,2855.59504672897,242.06523364486,245.803551401869,171.96214953271,357.018878504673,546.748037383178,1250.52654205607,1367.38775700935,122027.746168224,2295495.79803738,450.484579439252,417.765887850467,601.895420560748,3765.92009345794,24389.0481308411,370.103271028037,255.149439252336,372.906822429907
"347",145.5322,1455.22018691589,340475.653364486,9712170.6982243,3030.08523364486,872.932242990654,2171.31093457944,3655.81504672897,442.06523364486,245.803551401869,171.96214953271,-142.991121495327,146.728037383178,350.476542056075,1267.37775700935,111247.436168224,2179989.54803738,150.474579439252,17.7558878504673,-98.1345794392524,2465.64009345794,23687.9281308411,470.103271028037,455.149439252336,72.8968224299066
"348",145.8153,955.180186915888,359889.503364486,9488948.0282243,1127.52523364486,72.9022429906542,1071.13093457944,3655.81504672897,-57.9447663551402,145.793551401869,71.9621495327103,457.018878504673,246.738037383178,950.506542056075,667.327757009346,114067.736168224,2250244.43803738,150.474579439252,117.755887850467,401.885420560748,3565.87009345794,20282.9481308411,470.103271028037,-44.8605607476636,272.906822429907
"349",146.0983,1755.25018691589,348851.433364486,9432045.6882243,1628.17523364486,572.922242990654,1371.17093457944,3255.70504672897,442.06523364486,145.793551401869,71.9621495327103,157.008878504673,246.738037383178,50.4665420560748,1067.35775700935,108528.326168224,2129259.07803738,150.474579439252,117.755887850467,201.875420560748,3165.78009345794,21184.1881308411,370.103271028037,155.139439252336,172.896822429907
"350",146.3813,855.170186915888,363263.743364486,8825015.9882243,-73.9847663551409,72.9022429906542,1571.20093457944,3555.78504672897,442.06523364486,345.803551401869,371.97214953271,-142.991121495327,-53.2719626168224,350.476542056075,367.307757009346,106514.486168224,2038353.21803738,550.484579439252,417.765887850467,1.86542056074762,3465.85009345794,22586.2381308411,270.103271028037,55.1394392523364,172.896822429907
"351",146.6644,955.180186915888,388131.813364486,10063300.3882243,4832.72523364486,-27.1077570093458,1271.16093457944,3355.72504672897,242.06523364486,345.803551401869,471.97214953271,257.018878504673,146.728037383178,150.466542056075,2167.50775700935,110945.286168224,2447242.09803738,150.474579439252,117.755887850467,201.875420560748,3765.92009345794,24990.0381308411,370.103271028037,-44.8605607476636,72.8968224299066
"352",146.9474,655.160186915888,411704.343364486,9674473.8182243,1427.90523364486,572.922242990654,2171.31093457944,2655.54504672897,42.0552336448598,345.803551401869,371.97214953271,57.0088785046729,546.748037383178,350.476542056075,667.327757009346,118802.946168224,2434865.52803738,150.474579439252,317.765887850467,601.895420560748,3065.76009345794,25290.5381308411,270.103271028037,355.149439252336,272.906822429907
"353",147.2304,1155.19018691589,396429.583364486,9987433.9782243,2629.52523364486,372.912242990654,1771.23093457944,21771.495046729,1242.11523364486,345.803551401869,471.97214953271,357.018878504673,446.738037383178,-49.5334579439252,1667.42775700935,124849.966168224,2462594.63803738,350.474579439252,1017.80588785047,401.885420560748,5866.61009345794,23988.4081308411,270.103271028037,655.159439252336,-127.103177570093
"354",147.5134,755.160186915888,412217.183364486,10487266.0282243,727.015233644859,72.9022429906542,2171.31093457944,4856.22504672897,442.06523364486,545.813551401869,471.97214953271,357.018878504673,246.738037383178,650.486542056075,2067.48775700935,117795.336168224,2475388.57803738,50.4645794392524,217.765887850467,101.875420560748,3865.95009345794,25290.5381308411,270.103271028037,155.139439252336,272.906822429907
"355",147.7964,855.170186915888,401656.243364486,9854337.1082243,2429.24523364486,372.912242990654,1271.16093457944,3855.87504672897,42.0552336448598,645.813551401869,571.98214953271,-142.991121495327,246.738037383178,250.476542056075,967.347757009346,104299.556168224,2262690.72803738,150.474579439252,617.775887850467,401.885420560748,4466.12009345794,22285.7881308411,270.103271028037,155.139439252336,272.906822429907
"356",148.0795,855.170186915888,349770.993364486,8957615.2082243,1227.65523364486,272.902242990654,471.060934579439,3955.90504672897,142.05523364486,145.793551401869,471.97214953271,457.018878504673,146.728037383178,950.506542056075,1567.41775700935,107924.156168224,2116465.32803738,450.484579439252,617.775887850467,301.875420560748,3565.87009345794,20683.4881308411,170.093271028037,455.149439252336,72.8968224299066
"357",148.3625,355.150186915888,354778.363364486,9814942.5682243,1327.78523364486,372.912242990654,1271.16093457944,3355.72504672897,442.06523364486,245.803551401869,71.9621495327103,157.008878504673,146.728037383178,1150.51654205607,1767.44775700935,113261.886168224,2273287.40803738,850.504579439252,317.765887850467,601.895420560748,4066.00009345794,23187.1481308411,-29.9067289719626,455.149439252336,672.916822429907
"358",148.6455,1055.18018691589,394687.713364486,10563726.9582243,2228.97523364486,272.902242990654,1771.23093457944,3455.75504672897,142.05523364486,345.803551401869,671.98214953271,557.028878504673,246.738037383178,1050.51654205607,2167.50775700935,120415.266168224,2408234.66803738,750.494579439252,417.765887850467,401.885420560748,3765.92009345794,21985.3381308411,270.103271028037,355.149439252336,472.906822429907
"359",148.9285,1255.20018691589,405654.243364486,10207843.3582243,2429.24523364486,72.9022429906542,1271.16093457944,4055.94504672897,242.06523364486,645.813551401869,371.97214953271,57.0088785046729,-53.2719626168224,2150.63654205607,1367.38775700935,114067.736168224,2287499.70803738,350.474579439252,-182.244112149533,301.875420560748,2965.74009345794,22085.4881308411,170.093271028037,455.149439252336,272.906822429907
"360",149.2116,1455.22018691589,413447.993364486,9895029.2882243,2028.70523364486,372.912242990654,871.100934579439,3155.67504672897,442.06523364486,545.813551401869,171.96214953271,357.018878504673,146.728037383178,50.4665420560748,1767.44775700935,115578.816168224,2207245.99803738,50.4645794392524,417.765887850467,701.895420560748,2765.70009345794,17980.0081308411,-29.9067289719626,255.149439252336,472.906822429907
"361",149.4946,1055.18018691589,357231.513364486,9336451.1582243,2329.11523364486,-127.107757009346,1371.17093457944,2655.54504672897,242.06523364486,345.803551401869,-128.03785046729,357.018878504673,446.738037383178,150.466542056075,1867.45775700935,110945.286168224,2213948.92803738,150.474579439252,517.775887850467,801.905420560748,3865.95009345794,22786.5381308411,170.093271028037,155.139439252336,72.8968224299066
"362",149.7776,655.160186915888,391819.183364486,9773451.1682243,4031.52523364486,572.922242990654,1471.18093457944,4456.07504672897,442.06523364486,45.7935514018692,271.97214953271,457.018878504673,346.738037383178,950.506542056075,1767.44775700935,112858.966168224,2285163.37803738,150.474579439252,117.755887850467,201.875420560748,3265.80009345794,19081.3781308411,470.103271028037,255.149439252336,672.916822429907
"363",150.0606,655.160186915888,375437.203364486,9245925.3682243,927.265233644859,172.902242990654,1471.18093457944,3655.81504672897,642.07523364486,845.823551401869,271.97214953271,357.018878504673,446.738037383178,550.486542056075,1267.37775700935,109132.536168224,2201154.97803738,350.474579439252,217.765887850467,401.885420560748,2965.74009345794,18881.1181308411,270.103271028037,555.159439252336,172.896822429907
"364",150.3437,1055.18018691589,346399.533364486,8836923.0182243,1227.65523364486,472.912242990654,771.090934579439,3455.75504672897,242.06523364486,45.7935514018692,271.97214953271,157.008878504673,446.738037383178,650.486542056075,1267.37775700935,105406.976168224,2119163.17803738,350.474579439252,317.765887850467,201.875420560748,2965.74009345794,18680.8681308411,370.103271028037,555.159439252336,172.896822429907
"365",150.6267,755.160186915888,328532.273364486,7824903.4682243,3430.65523364486,-127.107757009346,1171.14093457944,2755.57504672897,-157.94476635514,245.803551401869,371.97214953271,357.018878504673,346.738037383178,350.476542056075,1067.35775700935,110240.306168224,2286109.08803738,450.484579439252,217.765887850467,601.895420560748,2565.66009345794,23086.9981308411,170.093271028037,155.139439252336,272.906822429907
"366",150.9097,455.150186915888,343233.053364486,8814103.4882243,2529.38523364486,-27.1077570093458,1471.18093457944,2055.41504672897,942.09523364486,-54.2064485981308,371.97214953271,157.008878504673,446.738037383178,1650.56654205607,1067.35775700935,104903.596168224,2077012.98803738,550.484579439252,217.765887850467,501.885420560748,2765.70009345794,19181.4981308411,370.103271028037,455.149439252336,72.8968224299066
"367",151.1927,355.150186915888,374823.213364486,8785439.4282243,-274.224766355142,272.902242990654,1071.13093457944,3055.64504672897,242.06523364486,145.793551401869,-28.0378504672897,357.018878504673,346.738037383178,650.486542056075,867.337757009346,116485.546168224,2314088.57803738,350.474579439252,17.7558878504673,1.86542056074762,3165.78009345794,22085.4881308411,270.103271028037,155.139439252336,172.896822429907
"368",151.4758,855.170186915888,358253.753364486,9300051.9382243,2028.70523364486,572.922242990654,1071.13093457944,4055.94504672897,342.06523364486,145.793551401869,171.96214953271,357.018878504673,446.738037383178,250.476542056075,1067.35775700935,111751.016168224,2182687.39803738,250.474579439252,317.765887850467,201.875420560748,4366.09009345794,23086.9981308411,670.113271028037,55.1394392523364,372.906822429907
"369",151.7588,855.170186915888,354573.943364486,8167715.9682243,2529.38523364486,372.912242990654,1571.20093457944,2855.59504672897,642.07523364486,445.803551401869,271.97214953271,357.018878504673,346.738037383178,150.466542056075,967.347757009346,103192.206168224,2238702.24803738,250.474579439252,317.765887850467,401.885420560748,2665.68009345794,19481.8881308411,70.0932710280374,255.149439252336,172.896822429907
"370",152.0418,1355.21018691589,382397.533364486,9310527.7182243,626.885233644858,72.9022429906542,271.040934579439,2955.62504672897,842.08523364486,445.803551401869,171.96214953271,357.018878504673,446.738037383178,550.486542056075,767.327757009346,113161.156168224,2236268.64803738,550.484579439252,617.775887850467,501.885420560748,3865.95009345794,20983.9081308411,-29.9067289719626,455.149439252336,72.8968224299066
"371",152.3248,1055.18018691589,375334.883364486,9137151.1482243,-975.054766355141,372.912242990654,571.070934579439,3855.87504672897,542.07523364486,245.803551401869,71.9621495327103,657.028878504673,146.728037383178,550.486542056075,867.337757009346,108931.126168224,2210931.14803738,250.474579439252,717.785887850467,401.885420560748,3065.76009345794,19481.8881308411,270.103271028037,55.1394392523364,372.906822429907
"372",152.6078,955.180186915888,377177.023364486,9189119.8982243,526.755233644861,372.912242990654,1171.14093457944,3455.75504672897,142.05523364486,545.813551401869,471.97214953271,557.028878504673,146.728037383178,250.476542056075,867.337757009346,106917.226168224,2341080.95803738,350.474579439252,617.775887850467,101.875420560748,2965.74009345794,22686.3781308411,470.103271028037,55.1394392523364,272.906822429907
"373",152.8909,1155.19018691589,379428.803364486,9357815.9982243,1027.39523364486,272.902242990654,871.100934579439,3955.90504672897,342.06523364486,345.803551401869,471.97214953271,57.0088785046729,346.738037383178,450.476542056075,467.307757009346,105004.276168224,2362635.84803738,250.474579439252,417.765887850467,501.885420560748,3065.76009345794,21484.6181308411,170.093271028037,355.149439252336,672.916822429907
"374",153.1739,555.150186915888,376665.283364486,9375130.0582243,1528.04523364486,672.922242990654,471.060934579439,3155.67504672897,242.06523364486,245.803551401869,771.99214953271,257.018878504673,46.7280373831776,650.486542056075,1667.42775700935,118903.716168224,2276332.90803738,450.484579439252,217.765887850467,201.875420560748,2665.68009345794,18380.4981308411,70.0932710280374,355.149439252336,72.8968224299066
"375",153.4569,1055.18018691589,375334.883364486,8842597.2382243,1127.52523364486,472.912242990654,271.040934579439,2555.52504672897,642.07523364486,245.803551401869,571.98214953271,457.018878504673,46.7280373831776,450.476542056075,667.327757009346,115478.066168224,2082408.49803738,350.474579439252,217.765887850467,401.885420560748,2765.70009345794,18480.6181308411,570.113271028037,255.149439252336,572.916822429907
"376",153.7399,755.160186915888,351916.823364486,8729798.0182243,2028.70523364486,572.922242990654,1271.16093457944,2755.57504672897,342.06523364486,145.793551401869,471.97214953271,457.018878504673,146.728037383178,650.486542056075,867.337757009346,110441.716168224,2197706.34803738,550.484579439252,-82.2441121495327,401.885420560748,1765.54009345794,22786.5381308411,270.103271028037,555.159439252336,472.906822429907
"377",154.023,955.180186915888,392843.603364486,9653000.3782243,727.015233644859,-27.1077570093458,1571.20093457944,2355.47504672897,-157.94476635514,-54.2064485981308,71.9621495327103,157.008878504673,346.738037383178,450.476542056075,1367.38775700935,118399.896168224,2319220.01803738,-149.535420560748,217.765887850467,601.895420560748,3765.92009345794,19582.0181308411,270.103271028037,355.149439252336,472.906822429907
"378",154.306,755.160186915888,350281.883364486,9297881.6182243,1127.52523364486,572.922242990654,1171.14093457944,4055.94504672897,142.05523364486,145.793551401869,271.97214953271,-42.9911214953271,246.738037383178,350.476542056075,1067.35775700935,108226.236168224,2260145.79803738,-149.535420560748,17.7558878504673,501.885420560748,2665.68009345794,20783.6281308411,670.113271028037,255.149439252336,472.906822429907
"379",154.589,955.180186915888,356822.633364486,9540855.8482243,1127.52523364486,472.912242990654,1171.14093457944,4456.07504672897,542.07523364486,345.803551401869,371.97214953271,57.0088785046729,246.738037383178,250.476542056075,967.347757009346,104299.556168224,2334544.82803738,250.474579439252,-82.2441121495327,601.895420560748,2965.74009345794,19782.2781308411,470.103271028037,155.139439252336,572.916822429907
"380",154.872,655.160186915888,402681.293364486,10054716.0182243,1027.39523364486,572.922242990654,971.110934579439,2855.59504672897,442.06523364486,45.7935514018692,171.96214953271,557.028878504673,646.748037383178,50.4665420560748,1067.35775700935,110139.596168224,2417996.97803738,550.484579439252,717.785887850467,401.885420560748,3465.85009345794,19582.0181308411,370.103271028037,355.149439252336,-127.103177570093
"381",155.1551,955.180186915888,370730.443364486,9412996.4682243,2329.11523364486,372.912242990654,1071.13093457944,3455.75504672897,442.06523364486,345.803551401869,71.9621495327103,657.028878504673,246.738037383178,150.466542056075,867.337757009346,106212.436168224,2053956.14803738,150.474579439252,-182.244112149533,501.885420560748,2465.64009345794,18080.1281308411,170.093271028037,255.149439252336,72.8968224299066
"382",155.4381,855.170186915888,343845.893364486,8082040.1882243,2128.84523364486,172.902242990654,271.040934579439,3755.84504672897,642.07523364486,445.803551401869,571.98214953271,457.018878504673,-53.2719626168224,550.486542056075,867.337757009346,98562.3261682243,1819717.27803738,650.494579439252,317.765887850467,601.895420560748,3165.78009345794,17579.5381308411,170.093271028037,155.139439252336,272.906822429907
"383",155.7211,455.150186915888,352529.973364486,8456001.1382243,2228.97523364486,-27.1077570093458,1171.14093457944,3055.64504672897,142.05523364486,245.803551401869,271.97214953271,157.008878504673,346.738037383178,650.486542056075,1067.35775700935,106111.746168224,1995257.31803738,350.474579439252,517.775887850467,201.875420560748,3365.83009345794,22686.3781308411,270.103271028037,155.139439252336,272.906822429907
"384",156.0041,1055.18018691589,350690.593364486,8673173.7982243,3731.08523364486,472.912242990654,1771.23093457944,3055.64504672897,442.06523364486,545.813551401869,-28.0378504672897,57.0088785046729,346.738037383178,350.476542056075,467.307757009346,103896.886168224,2287096.38803738,250.474579439252,17.7558878504673,301.875420560748,3465.85009345794,21584.7581308411,270.103271028037,255.149439252336,572.916822429907
"385",156.2872,1455.22018691589,408320.113364486,9952829.2982243,526.755233644861,-27.1077570093458,671.080934579439,5156.33504672897,42.0552336448598,245.803551401869,571.98214953271,-42.9911214953271,346.738037383178,350.476542056075,1067.35775700935,103997.536168224,2289265.72803738,-49.5354205607476,417.765887850467,201.875420560748,3065.76009345794,21084.0481308411,370.103271028037,55.1394392523364,172.896822429907
"386",156.5702,1055.18018691589,364184.103364486,8843324.5782243,-274.224766355142,72.9022429906542,1071.13093457944,2255.45504672897,142.05523364486,345.803551401869,771.99214953271,157.008878504673,246.738037383178,250.476542056075,967.347757009346,104299.556168224,2072409.85803738,350.474579439252,117.755887850467,401.885420560748,3665.90009345794,27093.6781308411,670.113271028037,155.139439252336,-27.1031775700934
"387",156.8532,555.150186915888,340271.403364486,8666674.5782243,4131.67523364486,172.902242990654,1071.13093457944,3455.75504672897,342.06523364486,245.803551401869,71.9621495327103,-42.9911214953271,246.738037383178,50.4665420560748,1167.36775700935,103494.206168224,2025795.79803738,350.474579439252,117.755887850467,-98.1345794392524,3165.78009345794,16177.9581308411,-29.9067289719626,555.159439252336,372.906822429907
"388",157.1362,1255.20018691589,343948.023364486,8138045.6582243,-474.46476635514,272.902242990654,471.060934579439,2155.43504672897,-57.9447663551402,345.803551401869,371.97214953271,457.018878504673,546.748037383178,150.466542056075,1367.38775700935,97354.7461682243,1853050.86803738,250.474579439252,117.755887850467,501.885420560748,2465.64009345794,17779.7681308411,-29.9067289719626,455.149439252336,472.906822429907
"389",157.4193,555.150186915888,309053.683364486,8051884.7182243,1828.43523364486,672.922242990654,1471.18093457944,2455.50504672897,442.06523364486,345.803551401869,471.97214953271,657.028878504673,146.728037383178,250.476542056075,667.327757009346,104198.886168224,2231345.79803738,550.484579439252,217.765887850467,201.875420560748,3165.78009345794,22786.5381308411,370.103271028037,455.149439252336,272.906822429907
"390",157.7023,755.160186915888,360502.973364486,9308963.6582243,3931.37523364486,-27.1077570093458,1071.13093457944,3655.81504672897,542.07523364486,645.813551401869,471.97214953271,257.018878504673,146.728037383178,250.476542056075,1367.38775700935,94537.4461682243,2022819.81803738,250.474579439252,17.7558878504673,801.905420560748,2865.72009345794,20483.2181308411,270.103271028037,355.149439252336,372.906822429907
"391",157.9853,255.140186915888,312723.263364486,8515353.4782243,1828.43523364486,372.912242990654,1571.20093457944,4456.07504672897,642.07523364486,245.803551401869,571.98214953271,257.018878504673,546.748037383178,50.4665420560748,1767.44775700935,102990.876168224,1997482.31803738,150.474579439252,17.7558878504673,101.875420560748,3165.78009345794,19882.4081308411,570.113271028037,155.139439252336,672.916822429907
"392",158.2683,455.150186915888,357742.623364486,9103201.1482243,1928.57523364486,-127.107757009346,1071.13093457944,2155.43504672897,442.06523364486,245.803551401869,571.98214953271,257.018878504673,-53.2719626168224,250.476542056075,1067.35775700935,107219.296168224,1994812.39803738,350.474579439252,617.775887850467,601.895420560748,4566.15009345794,22385.9381308411,370.103271028037,55.1394392523364,372.906822429907
"393",158.5514,155.140186915888,371753.533364486,9475089.4382243,4832.72523364486,72.9022429906542,1471.18093457944,3655.81504672897,642.07523364486,345.803551401869,271.97214953271,357.018878504673,346.738037383178,50.4665420560748,1567.41775700935,101279.696168224,2086775.09803738,150.474579439252,17.7558878504673,201.875420560748,3765.92009345794,23587.7681308411,-29.9067289719626,155.139439252336,72.8968224299066
"394",158.8344,1155.19018691589,334860.153364486,9151058.9582243,3530.79523364486,972.942242990654,1571.20093457944,3755.84504672897,342.06523364486,545.813551401869,71.9621495327103,357.018878504673,746.758037383178,150.466542056075,367.307757009346,100877.096168224,2183479.97803738,650.494579439252,117.755887850467,801.905420560748,3265.80009345794,22385.9381308411,370.103271028037,455.149439252336,572.916822429907
"395",159.1174,1055.18018691589,403296.333364486,9970471.4782243,126.265233644859,272.902242990654,2271.33093457944,4155.97504672897,642.07523364486,-54.2064485981308,171.96214953271,557.028878504673,246.738037383178,450.476542056075,1367.38775700935,114772.886168224,2303937.01803738,550.484579439252,-182.244112149533,101.875420560748,3465.85009345794,23888.2481308411,470.103271028037,655.159439252336,872.926822429907
"396",159.4004,955.180186915888,437262.503364486,11277759.7882243,4131.67523364486,272.902242990654,2171.31093457944,2855.59504672897,-57.9447663551402,1045.84355140187,771.99214953271,657.028878504673,46.7280373831776,150.466542056075,1067.35775700935,118702.196168224,2383356.15803738,450.484579439252,217.765887850467,701.895420560748,3865.95009345794,24889.8681308411,470.103271028037,555.159439252336,572.916822429907
"397",159.6834,1255.20018691589,397761.713364486,10077959.7682243,3230.36523364486,472.912242990654,1571.20093457944,4456.07504672897,242.06523364486,445.803551401869,271.97214953271,-42.9911214953271,346.738037383178,750.496542056075,1167.36775700935,115175.846168224,2312781.34803738,450.484579439252,217.765887850467,201.875420560748,3965.98009345794,23287.2981308411,570.113271028037,655.159439252336,672.916822429907
"398",159.9665,1455.22018691589,429868.113364486,11031341.8182243,2529.38523364486,672.922242990654,1371.17093457944,5256.37504672897,-57.9447663551402,245.803551401869,371.97214953271,357.018878504673,146.728037383178,550.486542056075,1867.45775700935,117090.046168224,2183674.70803738,250.474579439252,117.755887850467,301.875420560748,3565.87009345794,21484.6181308411,570.113271028037,555.159439252336,272.906822429907
"399",160.2495,955.180186915888,383318.993364486,9819453.5082243,3731.08523364486,472.912242990654,2471.37093457944,2855.59504672897,742.08523364486,245.803551401869,371.97214953271,157.008878504673,346.738037383178,150.466542056075,1467.40775700935,91821.2361682243,1904726.84803738,-49.5354205607476,617.775887850467,1001.92542056075,1865.55009345794,18580.7481308411,370.103271028037,455.149439252336,-27.1031775700934
"400",160.5325,1055.18018691589,341394.743364486,8824943.3282243,2429.24523364486,972.942242990654,571.070934579439,3955.90504672897,342.06523364486,545.813551401869,-28.0378504672897,557.028878504673,346.738037383178,250.476542056075,1667.42775700935,97254.1161682243,1977999.50803738,450.484579439252,17.7558878504673,201.875420560748,3065.76009345794,20883.7681308411,370.103271028037,355.149439252336,472.906822429907
"401",160.8156,955.180186915888,389053.583364486,9830366.0082243,2329.11523364486,72.9022429906542,771.090934579439,2955.62504672897,442.06523364486,345.803551401869,371.97214953271,457.018878504673,146.728037383178,350.476542056075,1367.38775700935,104601.566168224,2055430.16803738,350.474579439252,317.765887850467,401.885420560748,3365.83009345794,19782.2781308411,-129.906728971963,155.139439252336,272.906822429907
"402",161.0986,1055.18018691589,384138.083364486,9895538.6682243,727.015233644859,172.902242990654,1771.23093457944,3955.90504672897,342.06523364486,845.823551401869,871.99214953271,257.018878504673,446.738037383178,450.476542056075,867.337757009346,99971.2761682243,1887955.75803738,250.474579439252,917.795887850467,401.885420560748,3265.80009345794,21684.9081308411,70.0932710280374,255.149439252336,272.906822429907
"403",161.3816,1055.18018691589,384854.833364486,9437210.5282243,1427.90523364486,372.912242990654,2071.29093457944,4256.00504672897,442.06523364486,445.803551401869,471.97214953271,157.008878504673,146.728037383178,150.466542056075,967.347757009346,100675.796168224,2114685.24803738,550.484579439252,617.775887850467,101.875420560748,3665.90009345794,19281.6281308411,370.103271028037,255.149439252336,672.916822429907
"404",161.6646,1155.19018691589,347216.793364486,8690124.5782243,827.135233644858,172.902242990654,1871.25093457944,4256.00504672897,542.07523364486,345.803551401869,471.97214953271,157.008878504673,246.738037383178,250.476542056075,1167.36775700935,93128.9761682243,1931135.04803738,250.474579439252,517.775887850467,501.885420560748,4666.18009345794,21184.1881308411,270.103271028037,155.139439252336,672.916822429907
"405",161.9476,1355.21018691589,362445.673364486,9221202.7182243,2329.11523364486,272.902242990654,1871.25093457944,3855.87504672897,542.07523364486,445.803551401869,271.97214953271,457.018878504673,446.738037383178,350.476542056075,867.337757009346,102386.906168224,2129495.60803738,50.4645794392524,717.785887850467,201.875420560748,2865.72009345794,21785.0481308411,470.103271028037,255.149439252336,372.906822429907
"406",162.2307,1255.20018691589,399093.943364486,9484776.9382243,1427.90523364486,472.912242990654,1171.14093457944,1955.39504672897,42.0552336448598,445.803551401869,371.97214953271,457.018878504673,146.728037383178,150.466542056075,367.307757009346,98159.7861682243,1884799.11803738,750.494579439252,-82.2441121495327,101.875420560748,3365.83009345794,18680.8681308411,170.093271028037,55.1394392523364,472.906822429907
"407",162.5137,1655.24018691589,363570.533364486,9545875.3782243,4732.57523364486,572.922242990654,2071.29093457944,3455.75504672897,142.05523364486,145.793551401869,71.9621495327103,57.0088785046729,46.7280373831776,550.486542056075,1267.37775700935,96247.8961682243,1939033.87803738,650.494579439252,417.765887850467,601.895420560748,3265.80009345794,20583.3581308411,170.093271028037,355.149439252336,272.906822429907
"408",162.7967,1355.21018691589,384445.283364486,9668835.5382243,1327.78523364486,772.932242990654,871.100934579439,2855.59504672897,142.05523364486,545.813551401869,271.97214953271,357.018878504673,146.728037383178,550.486542056075,867.337757009346,109938.176168224,2145279.19803738,350.474579439252,417.765887850467,201.875420560748,3965.98009345794,24689.5381308411,370.103271028037,355.149439252336,772.926822429907
"409",163.0797,1255.20018691589,439419.823364486,10341934.7682243,1127.52523364486,372.912242990654,1571.20093457944,4356.04504672897,842.08523364486,345.803551401869,571.98214953271,357.018878504673,246.738037383178,50.4665420560748,1467.40775700935,118097.616168224,2324059.47803738,50.4645794392524,17.7558878504673,501.885420560748,3365.83009345794,23587.7681308411,570.113271028037,55.1394392523364,472.906822429907
"410",163.3628,1355.21018691589,452986.673364486,11116557.4482243,1828.43523364486,372.912242990654,1571.20093457944,3655.81504672897,442.06523364486,-154.206448598131,371.97214953271,157.008878504673,246.738037383178,-49.5334579439252,867.337757009346,114571.416168224,2157850.67803738,150.474579439252,217.765887850467,301.875420560748,3365.83009345794,23287.2981308411,170.093271028037,755.169439252336,572.916822429907
"411",163.6458,955.180186915888,403193.823364486,10145654.2982243,4031.52523364486,72.9022429906542,1371.17093457944,2555.52504672897,342.06523364486,345.803551401869,371.97214953271,557.028878504673,246.738037383178,150.466542056075,1267.37775700935,107219.296168224,2141302.04803738,350.474579439252,317.765887850467,401.885420560748,3865.95009345794,22686.3781308411,570.113271028037,255.149439252336,472.906822429907
"412",163.9288,855.170186915888,402578.783364486,9973017.5782243,2729.66523364486,472.912242990654,1171.14093457944,3055.64504672897,642.07523364486,-54.2064485981308,271.97214953271,357.018878504673,146.728037383178,550.486542056075,767.327757009346,100071.916168224,1983103.21803738,-49.5354205607476,417.765887850467,301.875420560748,2965.74009345794,26392.4281308411,270.103271028037,355.149439252336,272.906822429907
"413",164.2118,1255.20018691589,382090.423364486,9763156.6282243,2729.66523364486,672.922242990654,1171.14093457944,2955.62504672897,242.06523364486,245.803551401869,771.99214953271,157.008878504673,546.748037383178,550.486542056075,1567.41775700935,96147.2761682243,1925975.86803738,250.474579439252,217.765887850467,601.895420560748,2865.72009345794,20182.8081308411,770.123271028037,755.169439252336,272.906822429907
"414",164.4949,955.180186915888,372265.113364486,9618444.1282243,2529.38523364486,472.912242990654,1471.18093457944,3555.78504672897,442.06523364486,945.833551401869,371.97214953271,-42.9911214953271,446.738037383178,150.466542056075,1367.38775700935,107622.066168224,2192533.10803738,250.474579439252,-82.2441121495327,101.875420560748,3065.76009345794,23687.9281308411,270.103271028037,-44.8605607476636,172.896822429907
"415",164.7779,1355.21018691589,367866.083364486,9662579.2882243,3030.08523364486,172.902242990654,1971.27093457944,2755.57504672897,42.0552336448598,745.823551401869,671.98214953271,157.008878504673,346.738037383178,650.486542056075,1367.38775700935,96851.6261682243,1962285.44803738,850.504579439252,417.765887850467,501.885420560748,3565.87009345794,22586.2381308411,270.103271028037,-144.860560747664,472.906822429907
"416",165.0609,1055.18018691589,355698.263364486,9007134.7382243,927.265233644859,672.922242990654,1171.14093457944,3055.64504672897,442.06523364486,-154.206448598131,271.97214953271,57.0088785046729,-53.2719626168224,450.476542056075,1667.42775700935,104098.216168224,2266097.75803738,50.4645794392524,-82.2441121495327,101.875420560748,4266.06009345794,18780.9981308411,570.113271028037,55.1394392523364,172.896822429907
"417",165.3439,855.170186915888,420527.143364486,10546157.4282243,5633.95523364486,472.912242990654,1371.17093457944,3855.87504672897,342.06523364486,345.803551401869,171.96214953271,357.018878504673,546.748037383178,50.4665420560748,1267.37775700935,108931.126168224,2283564.15803738,150.474579439252,-82.2441121495327,401.885420560748,4266.06009345794,23287.2981308411,570.113271028037,-44.8605607476636,572.916822429907
"418",165.627,655.160186915888,380657.173364486,9378949.5882243,3831.23523364486,372.912242990654,1371.17093457944,3355.72504672897,142.05523364486,345.803551401869,171.96214953271,157.008878504673,546.748037383178,350.476542056075,1167.36775700935,106413.796168224,2109665.13803738,50.4645794392524,517.775887850467,301.875420560748,3265.80009345794,21484.6181308411,270.103271028037,255.149439252336,372.906822429907
"419",165.91,1555.23018691589,353858.543364486,9582372.2582243,1427.90523364486,272.902242990654,1071.13093457944,3555.78504672897,442.06523364486,145.793551401869,71.9621495327103,457.018878504673,646.748037383178,150.466542056075,1167.36775700935,105406.976168224,1936628.21803738,250.474579439252,317.765887850467,301.875420560748,3365.83009345794,19481.8881308411,170.093271028037,155.139439252336,272.906822429907
"420",166.193,355.150186915888,369809.693364486,9327139.4382243,1828.43523364486,172.902242990654,2371.35093457944,3655.81504672897,342.06523364486,345.803551401869,571.98214953271,357.018878504673,746.758037383178,650.486542056075,767.327757009346,116284.036168224,2212572.16803738,350.474579439252,417.765887850467,301.875420560748,3765.92009345794,23487.6181308411,370.103271028037,655.159439252336,872.926822429907
"421",166.476,655.160186915888,422477.003364486,10039777.7282243,1628.17523364486,472.912242990654,1171.14093457944,2955.62504672897,342.06523364486,345.803551401869,171.96214953271,357.018878504673,546.748037383178,750.496542056075,1367.38775700935,99468.0561682243,2161299.31803738,250.474579439252,717.785887850467,101.875420560748,3265.80009345794,21384.4781308411,470.103271028037,155.139439252336,272.906822429907
"422",166.759,1255.20018691589,374004.563364486,9927305.8582243,2629.52523364486,872.932242990654,1871.25093457944,3055.64504672897,342.06523364486,845.823551401869,171.96214953271,657.028878504673,-53.2719626168224,550.486542056075,1267.37775700935,103796.196168224,1926949.30803738,450.484579439252,117.755887850467,501.885420560748,3265.80009345794,21384.4781308411,370.103271028037,-44.8605607476636,472.906822429907
"423",167.0421,655.160186915888,359378.313364486,8384269.8782243,4031.52523364486,172.902242990654,771.090934579439,4256.00504672897,542.07523364486,745.823551401869,571.98214953271,557.028878504673,446.738037383178,550.486542056075,467.307757009346,92827.1861682243,1879486.80803738,550.484579439252,117.755887850467,801.905420560748,3865.95009345794,19682.1481308411,170.093271028037,455.149439252336,572.916822429907
"424",167.3251,755.160186915888,350997.163364486,8996851.9282243,927.265233644859,-327.107757009346,1271.16093457944,4155.97504672897,342.06523364486,645.813551401869,671.98214953271,457.018878504673,46.7280373831776,750.496542056075,1567.41775700935,102890.216168224,2082074.89803738,350.474579439252,417.765887850467,301.875420560748,3865.95009345794,22486.0781308411,470.103271028037,155.139439252336,272.906822429907
"425",167.6081,1255.20018691589,387824.563364486,9541340.9982243,2228.97523364486,72.9022429906542,1771.23093457944,4055.94504672897,42.0552336448598,245.803551401869,571.98214953271,457.018878504673,246.738037383178,-49.5334579439252,1167.36775700935,96952.2461682243,1953899.89803738,650.494579439252,217.765887850467,301.875420560748,3665.90009345794,18881.1181308411,170.093271028037,55.1394392523364,472.906822429907
"426",167.8912,1155.19018691589,334860.153364486,8591474.5782243,3931.37523364486,372.912242990654,871.100934579439,2255.45504672897,342.06523364486,145.793551401869,-28.0378504672897,157.008878504673,646.748037383178,750.496542056075,1067.35775700935,98159.7861682243,2013266.10803738,250.474579439252,517.775887850467,1.86542056074762,3865.95009345794,20483.2181308411,170.093271028037,155.139439252336,172.896822429907
"427",168.1741,1155.19018691589,341905.363364486,8677174.5782243,1828.43523364486,372.912242990654,1271.16093457944,2755.57504672897,42.0552336448598,45.7935514018692,271.97214953271,257.018878504673,446.738037383178,250.476542056075,1567.41775700935,97153.4961682243,1762562.19803738,50.4645794392524,417.765887850467,201.875420560748,3365.83009345794,13175.0181308411,70.0932710280374,155.139439252336,72.8968224299066
"428",168.4572,1155.19018691589,379224.073364486,9261942.5582243,1728.30523364486,172.902242990654,1271.16093457944,3055.64504672897,642.07523364486,45.7935514018692,271.97214953271,157.008878504673,246.738037383178,750.496542056075,667.327757009346,98964.8661682243,2247073.92803738,450.484579439252,517.775887850467,1.86542056074762,2565.66009345794,22285.7881308411,470.103271028037,155.139439252336,572.916822429907
"429",168.7402,1155.19018691589,377484.053364486,9819744.1382243,1327.78523364486,472.912242990654,1271.16093457944,4055.94504672897,242.06523364486,245.803551401869,571.98214953271,557.028878504673,346.738037383178,550.486542056075,867.337757009346,97556.0061682243,2079293.45803738,450.484579439252,517.775887850467,601.895420560748,3265.80009345794,22686.3781308411,370.103271028037,-44.8605607476636,472.906822429907
"430",169.0232,955.180186915888,387414.913364486,9414100.3782243,326.505233644861,372.912242990654,1171.14093457944,4456.07504672897,242.06523364486,345.803551401869,271.97214953271,157.008878504673,146.728037383178,-49.5334579439252,2067.48775700935,104198.886168224,2062049.70803738,350.474579439252,417.765887850467,501.885420560748,2565.66009345794,19582.0181308411,370.103271028037,355.149439252336,-27.1031775700934
"431",169.3063,655.160186915888,344765.153364486,9859041.7882243,426.635233644858,272.902242990654,1871.25093457944,2855.59504672897,342.06523364486,245.803551401869,71.9621495327103,557.028878504673,446.738037383178,350.476542056075,1067.35775700935,98361.0561682243,1844317.66803738,650.494579439252,417.765887850467,401.885420560748,3265.80009345794,17679.6581308411,370.103271028037,355.149439252336,772.926822429907
"432",169.5893,1255.20018691589,351508.073364486,9510445.6882243,2529.38523364486,372.912242990654,1971.27093457944,3355.72504672897,142.05523364486,145.793551401869,271.97214953271,357.018878504673,346.738037383178,250.476542056075,1267.37775700935,91821.2361682243,1956055.36803738,150.474579439252,317.765887850467,401.885420560748,3865.95009345794,20182.8081308411,270.103271028037,-44.8605607476636,272.906822429907
"433",169.8723,1355.21018691589,344356.593364486,8722740.9882243,3230.36523364486,272.902242990654,1371.17093457944,3855.87504672897,342.06523364486,445.803551401869,371.97214953271,-42.9911214953271,446.738037383178,650.486542056075,1567.41775700935,94135.0161682243,2002933.68803738,50.4645794392524,-82.2441121495327,401.885420560748,4166.03009345794,23287.2981308411,70.0932710280374,755.169439252336,672.916822429907
"434",170.1553,655.160186915888,410678.753364486,11156048.8482243,1427.90523364486,972.942242990654,1471.18093457944,4256.00504672897,242.06523364486,145.793551401869,71.9621495327103,157.008878504673,546.748037383178,250.476542056075,1867.45775700935,107118.606168224,2234460.83803738,350.474579439252,217.765887850467,301.875420560748,4166.03009345794,25791.3881308411,870.123271028037,455.149439252336,-27.1031775700934
"435",170.4384,855.170186915888,399606.393364486,10402087.1182243,2729.66523364486,72.9022429906542,2271.33093457944,3355.72504672897,242.06523364486,745.823551401869,371.97214953271,457.018878504673,446.738037383178,250.476542056075,667.327757009346,109938.176168224,2315493.26803738,350.474579439252,417.765887850467,301.875420560748,3465.85009345794,26392.4281308411,470.103271028037,355.149439252336,-27.1031775700934
"436",170.7214,855.170186915888,388643.893364486,10072951.9482243,2329.11523364486,672.922242990654,1971.27093457944,3455.75504672897,142.05523364486,345.803551401869,171.96214953271,57.0088785046729,746.758037383178,250.476542056075,1467.40775700935,105205.626168224,2084661.42803738,550.484579439252,217.765887850467,601.895420560748,2965.74009345794,22486.0781308411,670.113271028037,55.1394392523364,172.896822429907
"437",171.0044,1255.20018691589,386698.073364486,9098690.9882243,626.885233644858,272.902242990654,1171.14093457944,2755.57504672897,642.07523364486,345.803551401869,471.97214953271,457.018878504673,-53.2719626168224,50.4665420560748,867.337757009346,102789.556168224,1905922.93803738,150.474579439252,317.765887850467,201.875420560748,4566.15009345794,23888.2481308411,670.113271028037,755.169439252336,572.916822429907
"438",171.2874,955.180186915888,338433.423364486,9175927.7182243,5033.02523364486,372.912242990654,2071.29093457944,3255.70504672897,342.06523364486,245.803551401869,371.97214953271,157.008878504673,546.748037383178,650.486542056075,1167.36775700935,98562.3261682243,1797383.67803738,650.494579439252,617.775887850467,301.875420560748,2965.74009345794,21184.1881308411,170.093271028037,455.149439252336,372.906822429907
"439",171.5704,955.180186915888,390385.103364486,9550143.3482243,3230.36523364486,572.922242990654,1671.22093457944,3455.75504672897,642.07523364486,245.803551401869,371.97214953271,557.028878504673,446.738037383178,150.466542056075,2267.52775700935,102487.566168224,2155597.74803738,150.474579439252,417.765887850467,201.875420560748,4466.12009345794,21785.0481308411,570.113271028037,155.139439252336,472.906822429907
"440",171.8535,1055.18018691589,412832.563364486,10043173.0482243,1427.90523364486,472.912242990654,1571.20093457944,2955.62504672897,442.06523364486,145.793551401869,371.97214953271,357.018878504673,246.738037383178,150.466542056075,667.327757009346,102185.606168224,2210180.17803738,350.474579439252,217.765887850467,201.875420560748,3465.85009345794,23487.6181308411,470.103271028037,255.149439252336,572.916822429907
"441",172.1365,1055.18018691589,395097.553364486,9928445.6982243,126.265233644859,972.942242990654,1271.16093457944,5856.62504672897,442.06523364486,-54.2064485981308,271.97214953271,457.018878504673,346.738037383178,-49.5334579439252,1067.35775700935,113161.156168224,2119761.03803738,250.474579439252,117.755887850467,1.86542056074762,3065.76009345794,20983.9081308411,270.103271028037,355.149439252336,572.916822429907
"442",172.4195,1255.20018691589,360400.733364486,9123632.3982243,3931.37523364486,372.912242990654,1771.23093457944,2855.59504672897,842.08523364486,345.803551401869,71.9621495327103,57.0088785046729,246.738037383178,350.476542056075,967.347757009346,101279.696168224,2093116.49803738,50.4645794392524,217.765887850467,501.885420560748,2265.61009345794,22486.0781308411,270.103271028037,355.149439252336,372.906822429907
"443",172.7026,1655.24018691589,398069.143364486,9991993.3582243,1528.04523364486,272.902242990654,1571.20093457944,3155.67504672897,242.06523364486,145.793551401869,171.96214953271,57.0088785046729,346.738037383178,150.466542056075,1367.38775700935,99266.7761682243,2198290.32803738,450.484579439252,217.765887850467,301.875420560748,2665.68009345794,24489.2081308411,670.113271028037,-44.8605607476636,672.916822429907
"444",172.9856,655.160186915888,389258.423364486,9459423.8182243,2429.24523364486,272.902242990654,1571.20093457944,3555.78504672897,342.06523364486,245.803551401869,471.97214953271,157.008878504673,546.748037383178,550.486542056075,1367.38775700935,107219.296168224,2090349.11803738,350.474579439252,-82.2441121495327,101.875420560748,3865.95009345794,23287.2981308411,470.103271028037,455.149439252336,772.926822429907
"445",173.2686,1155.19018691589,408832.833364486,10299121.4882243,2228.97523364486,72.9022429906542,1571.20093457944,3655.81504672897,442.06523364486,345.803551401869,271.97214953271,457.018878504673,246.738037383178,350.476542056075,1167.36775700935,100273.206168224,2084717.08803738,650.494579439252,517.775887850467,501.885420560748,3065.76009345794,22285.7881308411,270.103271028037,355.149439252336,472.906822429907
"446",173.5516,855.170186915888,407089.643364486,9576455.0682243,3230.36523364486,672.922242990654,1771.23093457944,4556.11504672897,242.06523364486,945.833551401869,171.96214953271,457.018878504673,446.738037383178,250.476542056075,1667.42775700935,101481.006168224,2154262.78803738,-49.5354205607476,417.765887850467,201.875420560748,3565.87009345794,20583.3581308411,370.103271028037,55.1394392523364,372.906822429907
"447",173.8346,955.180186915888,410678.753364486,10797558.9982243,3430.65523364486,472.912242990654,1171.14093457944,3855.87504672897,642.07523364486,445.803551401869,271.97214953271,357.018878504673,-53.2719626168224,750.496542056075,1267.37775700935,110945.286168224,2226158.68803738,150.474579439252,317.765887850467,101.875420560748,3165.78009345794,24789.7081308411,370.103271028037,255.149439252336,172.896822429907
"448",174.1177,1155.19018691589,403911.403364486,10887162.9082243,326.505233644861,172.902242990654,2271.33093457944,3055.64504672897,742.08523364486,545.813551401869,71.9621495327103,57.0088785046729,546.748037383178,350.476542056075,1467.40775700935,114571.416168224,1970198.13803738,350.474579439252,217.765887850467,101.875420560748,3165.78009345794,21584.7581308411,670.113271028037,355.149439252336,172.896822429907
"449",174.4007,1355.21018691589,385469.213364486,9638195.6882243,6435.23523364486,972.942242990654,1471.18093457944,3455.75504672897,342.06523364486,445.803551401869,-128.03785046729,157.008878504673,46.7280373831776,50.4665420560748,1467.40775700935,105507.656168224,2189960.44803738,350.474579439252,317.765887850467,301.875420560748,3565.87009345794,20282.9481308411,270.103271028037,255.149439252336,372.906822429907
"450",174.6837,1555.23018691589,350281.883364486,9476629.2782243,-975.054766355141,372.912242990654,1471.18093457944,3155.67504672897,642.07523364486,645.813551401869,571.98214953271,357.018878504673,346.738037383178,50.4665420560748,1267.37775700935,99769.9861682243,1984160.05803738,350.474579439252,117.755887850467,401.885420560748,2965.74009345794,21084.0481308411,770.123271028037,55.1394392523364,472.906822429907
"451",174.9668,455.150186915888,356618.213364486,9472833.9682243,2128.84523364486,172.902242990654,2171.31093457944,3655.81504672897,242.06523364486,145.793551401869,371.97214953271,557.028878504673,746.758037383178,550.486542056075,1767.44775700935,103292.866168224,2222626.46803738,450.484579439252,517.775887850467,201.875420560748,3665.90009345794,23287.2981308411,270.103271028037,255.149439252336,372.906822429907
"452",175.2498,1255.20018691589,409550.683364486,10306783.9882243,927.265233644859,672.922242990654,2671.42093457944,4155.97504672897,242.06523364486,445.803551401869,171.96214953271,357.018878504673,446.738037383178,550.486542056075,867.337757009346,101682.316168224,2168155.17803738,450.484579439252,417.765887850467,301.875420560748,4166.03009345794,21484.6181308411,670.113271028037,355.149439252336,172.896822429907
"453",175.5328,1455.22018691589,388951.173364486,10065349.6082243,2629.52523364486,472.912242990654,1571.20093457944,3755.84504672897,242.06523364486,1045.84355140187,271.97214953271,557.028878504673,546.748037383178,650.486542056075,1567.41775700935,106111.746168224,2389169.04803738,650.494579439252,317.765887850467,201.875420560748,2565.66009345794,24990.0381308411,570.113271028037,255.149439252336,172.896822429907
"454",175.8158,455.150186915888,381066.673364486,9506893.3482243,4131.67523364486,472.912242990654,1371.17093457944,2955.62504672897,642.07523364486,345.803551401869,71.9621495327103,57.0088785046729,446.738037383178,550.486542056075,867.337757009346,103292.866168224,2147059.27803738,-49.5354205607476,217.765887850467,101.875420560748,3265.80009345794,19381.7581308411,370.103271028037,455.149439252336,272.906822429907
"455",176.0988,355.150186915888,350997.163364486,8576427.6982243,2329.11523364486,72.9022429906542,2071.29093457944,3855.87504672897,242.06523364486,245.803551401869,171.96214953271,557.028878504673,146.728037383178,250.476542056075,1267.37775700935,105910.386168224,2134515.71803738,650.494579439252,517.775887850467,1201.93542056075,4166.03009345794,22085.4881308411,170.093271028037,255.149439252336,672.916822429907
"456",176.3819,1955.27018691589,386493.233364486,9886153.5082243,2128.84523364486,-27.1077570093458,871.100934579439,3555.78504672897,742.08523364486,545.813551401869,171.96214953271,157.008878504673,246.738037383178,350.476542056075,1167.36775700935,107319.986168224,2149645.79803738,150.474579439252,117.755887850467,301.875420560748,4166.03009345794,19481.8881308411,270.103271028037,255.149439252336,572.916822429907
"457",176.6649,755.160186915888,367559.223364486,9180753.4982243,2529.38523364486,272.902242990654,571.070934579439,3755.84504672897,442.06523364486,145.793551401869,571.98214953271,57.0088785046729,446.738037383178,450.476542056075,1367.38775700935,101984.276168224,2097107.51803738,250.474579439252,117.755887850467,401.885420560748,3165.78009345794,20282.9481308411,70.0932710280374,455.149439252336,272.906822429907
"458",176.9479,1155.19018691589,373083.643364486,9113252.7082243,1327.78523364486,172.902242990654,1571.20093457944,3255.70504672897,242.06523364486,645.813551401869,471.97214953271,457.018878504673,146.728037383178,350.476542056075,867.337757009346,105910.386168224,2187040.13803738,250.474579439252,617.775887850467,601.895420560748,4366.09009345794,20383.0781308411,170.093271028037,355.149439252336,172.896822429907
"459",177.2309,855.170186915888,386186.033364486,9847401.9482243,2729.66523364486,-127.107757009346,371.050934579439,3055.64504672897,342.06523364486,545.813551401869,71.9621495327103,457.018878504673,446.738037383178,50.4665420560748,2067.48775700935,107017.916168224,2245891.89803738,250.474579439252,617.775887850467,-98.1345794392524,3965.98009345794,18981.2481308411,-29.9067289719626,255.149439252336,172.896822429907
"460",177.514,555.150186915888,371753.533364486,9187798.0282243,1928.57523364486,-27.1077570093458,1271.16093457944,3655.81504672897,842.08523364486,745.823551401869,271.97214953271,357.018878504673,346.738037383178,850.496542056075,467.307757009346,102890.216168224,2082436.41803738,150.474579439252,717.785887850467,201.875420560748,3365.83009345794,21284.3381308411,470.103271028037,755.169439252336,572.916822429907
"461",177.797,555.150186915888,354676.173364486,8898239.4282243,1427.90523364486,372.912242990654,571.070934579439,3255.70504672897,442.06523364486,145.793551401869,471.97214953271,257.018878504673,146.728037383178,550.486542056075,1367.38775700935,110341.006168224,2138159.27803738,150.474579439252,-82.2441121495327,501.885420560748,3865.95009345794,23387.4581308411,270.103271028037,455.149439252336,72.8968224299066
"462",178.08,755.160186915888,384752.443364486,9200577.7182243,1327.78523364486,172.902242990654,1671.22093457944,3955.90504672897,342.06523364486,545.813551401869,671.98214953271,457.018878504673,346.738037383178,550.486542056075,967.347757009346,109333.946168224,2004741.49803738,150.474579439252,217.765887850467,201.875420560748,4266.06009345794,20383.0781308411,170.093271028037,255.149439252336,272.906822429907
"463",178.363,855.170186915888,348851.433364486,8771847.2382243,1728.30523364486,272.902242990654,2271.33093457944,3255.70504672897,642.07523364486,445.803551401869,271.97214953271,157.008878504673,46.7280373831776,150.466542056075,767.327757009346,105910.386168224,2040355.75803738,950.514579439252,217.765887850467,601.895420560748,4066.00009345794,20082.6781308411,70.0932710280374,55.1394392523364,572.916822429907
"464",178.6461,1055.18018691589,346910.323364486,8855425.3582243,927.265233644859,372.912242990654,1071.13093457944,3555.78504672897,642.07523364486,245.803551401869,171.96214953271,557.028878504673,146.728037383178,350.476542056075,1667.42775700935,117190.806168224,2428579.78803738,450.484579439252,517.775887850467,201.875420560748,4966.28009345794,24288.8881308411,370.103271028037,155.139439252336,872.926822429907
"465",178.9291,1455.22018691589,394790.183364486,9989519.9182243,1728.30523364486,672.922242990654,1671.22093457944,3655.81504672897,242.06523364486,545.813551401869,171.96214953271,457.018878504673,246.738037383178,850.496542056075,1067.35775700935,110643.146168224,2237951.26803738,450.484579439252,117.755887850467,501.885420560748,4666.18009345794,22486.0781308411,470.103271028037,1755.26943925234,872.926822429907
"466",179.2121,555.150186915888,386186.033364486,9644985.5382243,2729.66523364486,372.912242990654,1571.20093457944,2755.57504672897,742.08523364486,345.803551401869,271.97214953271,357.018878504673,46.7280373831776,50.4665420560748,1067.35775700935,120616.816168224,2463359.67803738,250.474579439252,317.765887850467,101.875420560748,3465.85009345794,19882.4081308411,370.103271028037,1455.22943925234,1973.04682242991
"467",179.4951,755.160186915888,386698.073364486,9970531.6382243,3731.08523364486,272.902242990654,1771.23093457944,3855.87504672897,42.0552336448598,445.803551401869,271.97214953271,457.018878504673,246.738037383178,550.486542056075,1467.40775700935,127067.806168224,2584817.87803738,150.474579439252,17.7558878504673,301.875420560748,4066.00009345794,26793.1381308411,-29.9067289719626,1255.20943925234,1572.99682242991
"468",179.7782,1655.24018691589,422579.633364486,10481361.3382243,2529.38523364486,272.902242990654,271.040934579439,3155.67504672897,342.06523364486,345.803551401869,171.96214953271,257.018878504673,146.728037383178,450.476542056075,1467.40775700935,125353.996168224,2528496.97803738,250.474579439252,17.7558878504673,701.895420560748,3765.92009345794,25490.8781308411,170.093271028037,755.169439252336,672.916822429907
"469",180.0612,1155.19018691589,420219.283364486,10295653.5182243,3831.23523364486,72.9022429906542,771.090934579439,4456.07504672897,442.06523364486,245.803551401869,271.97214953271,157.008878504673,546.748037383178,150.466542056075,2067.48775700935,130697.656168224,2462010.64803738,50.4645794392524,117.755887850467,-198.134579439252,4766.21009345794,17679.6581308411,170.093271028037,555.159439252336,672.916822429907
"470",180.3442,1355.21018691589,367968.383364486,9336984.7482243,2929.94523364486,672.922242990654,1571.20093457944,3255.70504672897,442.06523364486,445.803551401869,171.96214953271,257.018878504673,246.738037383178,450.476542056075,1567.41775700935,113564.066168224,2413296.58803738,-49.5354205607476,317.765887850467,501.885420560748,3665.90009345794,20783.6281308411,270.103271028037,655.159439252336,372.906822429907
"471",180.6272,1655.24018691589,375130.193364486,9684380.0682243,-2076.28476635514,172.902242990654,1671.22093457944,3455.75504672897,542.07523364486,845.823551401869,371.97214953271,157.008878504673,946.768037383178,850.496542056075,1367.38775700935,116284.036168224,2244264.74803738,150.474579439252,317.765887850467,401.885420560748,3365.83009345794,21684.9081308411,-29.9067289719626,655.159439252336,872.926822429907
"472",180.9102,1555.23018691589,382602.313364486,9294389.4382243,927.265233644859,172.902242990654,1171.14093457944,2855.59504672897,242.06523364486,445.803551401869,71.9621495327103,257.018878504673,746.758037383178,550.486542056075,1767.44775700935,112657.516168224,2164247.55803738,550.484579439252,217.765887850467,101.875420560748,2365.63009345794,18881.1181308411,470.103271028037,655.159439252336,472.906822429907
"473",181.1933,1355.21018691589,385981.223364486,9668156.6282243,2729.66523364486,372.912242990654,1771.23093457944,3955.90504672897,242.06523364486,445.803551401869,-28.0378504672897,557.028878504673,146.728037383178,650.486542056075,1067.35775700935,121322.256168224,2208358.49803738,-49.5354205607476,217.765887850467,901.915420560748,2465.64009345794,18981.2481308411,370.103271028037,255.149439252336,372.906822429907
"474",181.4763,755.160186915888,383933.303364486,9421678.4982243,2929.94523364486,772.932242990654,1371.17093457944,3355.72504672897,442.06523364486,245.803551401869,71.9621495327103,257.018878504673,246.738037383178,350.476542056075,1167.36775700935,109535.346168224,2257962.59803738,250.474579439252,117.755887850467,201.875420560748,4266.06009345794,20282.9481308411,170.093271028037,-144.860560747664,472.906822429907
"475",181.7593,955.180186915888,412627.443364486,9576637.0982243,2629.52523364486,372.912242990654,1071.13093457944,4155.97504672897,242.06523364486,245.803551401869,271.97214953271,657.028878504673,346.738037383178,450.476542056075,567.317757009346,115175.846168224,2295342.87803738,350.474579439252,317.765887850467,401.885420560748,3165.78009345794,21384.4781308411,670.113271028037,655.159439252336,372.906822429907
"476",182.0424,955.180186915888,384138.083364486,9406315.9982243,2529.38523364486,672.922242990654,871.100934579439,2355.47504672897,242.06523364486,145.793551401869,771.99214953271,57.0088785046729,46.7280373831776,450.476542056075,1267.37775700935,102688.886168224,2358700.29803738,250.474579439252,617.775887850467,401.885420560748,3765.92009345794,19481.8881308411,270.103271028037,555.159439252336,172.896822429907
"477",182.3253,755.160186915888,404013.913364486,9610635.5382243,2829.80523364486,472.912242990654,971.110934579439,3755.84504672897,342.06523364486,245.803551401869,271.97214953271,657.028878504673,46.7280373831776,450.476542056075,1367.38775700935,130596.806168224,2487195.02803738,50.4645794392524,217.765887850467,1.86542056074762,4066.00009345794,22085.4881308411,70.0932710280374,655.159439252336,572.916822429907
"478",182.6084,1655.24018691589,422271.773364486,10091273.0482243,3230.36523364486,272.902242990654,971.110934579439,3355.72504672897,42.0552336448598,445.803551401869,171.96214953271,257.018878504673,446.738037383178,550.486542056075,1467.40775700935,131806.926168224,2495566.70803738,350.474579439252,317.765887850467,301.875420560748,4566.15009345794,21184.1881308411,470.103271028037,355.149439252336,472.906822429907
"479",182.8914,355.150186915888,407089.643364486,10281806.6482243,2329.11523364486,572.922242990654,1671.22093457944,4155.97504672897,642.07523364486,545.813551401869,-28.0378504672897,57.0088785046729,846.758037383178,650.486542056075,1467.40775700935,118903.716168224,2452957.52803738,250.474579439252,417.765887850467,201.875420560748,2965.74009345794,19181.4981308411,270.103271028037,1055.18943925234,72.8968224299066
"480",183.1744,1855.26018691589,413037.743364486,9310794.9082243,1828.43523364486,72.9022429906542,1571.20093457944,2955.62504672897,442.06523364486,245.803551401869,471.97214953271,457.018878504673,246.738037383178,650.486542056075,1267.37775700935,116082.536168224,2278112.79803738,550.484579439252,517.775887850467,101.875420560748,2665.68009345794,19281.6281308411,170.093271028037,355.149439252336,572.916822429907
"481",183.4575,1155.19018691589,378609.933364486,9499655.0682243,3430.65523364486,372.912242990654,1771.23093457944,2955.62504672897,442.06523364486,45.7935514018692,371.97214953271,357.018878504673,646.748037383178,150.466542056075,867.337757009346,99870.6261682243,2117202.24803738,50.4645794392524,317.765887850467,501.885420560748,2965.74009345794,22285.7881308411,-29.9067289719626,555.159439252336,372.906822429907
"482",183.7405,655.160186915888,336085.173364486,8168915.9682243,-374.344766355141,272.902242990654,1371.17093457944,2755.57504672897,442.06523364486,545.813551401869,71.9621495327103,157.008878504673,446.738037383178,450.476542056075,1667.42775700935,103292.866168224,2060172.35803738,550.484579439252,517.775887850467,401.885420560748,3365.83009345794,19582.0181308411,170.093271028037,155.139439252336,372.906822429907
"483",184.0235,855.170186915888,357027.073364486,9230744.8982243,2329.11523364486,372.912242990654,1371.17093457944,2955.62504672897,142.05523364486,145.793551401869,271.97214953271,357.018878504673,246.738037383178,250.476542056075,1267.37775700935,109233.236168224,2238757.90803738,550.484579439252,217.765887850467,701.895420560748,3965.98009345794,18680.8681308411,470.103271028037,555.159439252336,372.906822429907
"484",184.3065,1255.20018691589,382090.423364486,9176400.3682243,1427.90523364486,172.902242990654,1771.23093457944,3255.70504672897,542.07523364486,345.803551401869,571.98214953271,457.018878504673,246.738037383178,-49.5334579439252,1367.38775700935,113362.606168224,1973730.36803738,450.484579439252,617.775887850467,1.86542056074762,3965.98009345794,19081.3781308411,370.103271028037,155.139439252336,272.906822429907
"485",184.5896,1055.18018691589,358867.163364486,8631475.3582243,2228.97523364486,-27.1077570093458,2571.39093457944,2455.50504672897,442.06523364486,245.803551401869,271.97214953271,157.008878504673,646.748037383178,450.476542056075,1167.36775700935,107722.756168224,2319206.15803738,450.484579439252,517.775887850467,101.875420560748,2365.63009345794,24789.7081308411,570.113271028037,255.149439252336,472.906822429907
"486",184.8726,1755.25018691589,363468.263364486,9066619.8982243,4932.87523364486,872.932242990654,571.070934579439,3755.84504672897,842.08523364486,345.803551401869,471.97214953271,157.008878504673,346.738037383178,50.4665420560748,2067.48775700935,110743.856168224,2315562.79803738,350.474579439252,-82.2441121495327,301.875420560748,2865.72009345794,20583.3581308411,270.103271028037,355.149439252336,572.916822429907
"487",185.1556,855.170186915888,377688.763364486,9627634.7582243,3630.94523364486,372.912242990654,2071.29093457944,3255.70504672897,542.07523364486,345.803551401869,-28.0378504672897,357.018878504673,246.738037383178,250.476542056075,1067.35775700935,117996.856168224,2242512.59803738,750.494579439252,317.765887850467,1.86542056074762,3465.85009345794,19682.1481308411,170.093271028037,355.149439252336,772.926822429907
"488",185.4386,1455.22018691589,376972.333364486,13730394.9982243,3931.37523364486,272.902242990654,1371.17093457944,3855.87504672897,442.06523364486,245.803551401869,371.97214953271,657.028878504673,146.728037383178,350.476542056075,1867.45775700935,101883.626168224,2098692.86803738,-149.535420560748,217.765887850467,101.875420560748,2865.72009345794,16278.0681308411,70.0932710280374,55.1394392523364,472.906822429907
"489",185.7216,655.160186915888,343233.053364486,8921155.8282243,-574.584766355139,372.912242990654,1371.17093457944,2555.52504672897,442.06523364486,345.803551401869,271.97214953271,257.018878504673,146.728037383178,250.476542056075,1667.42775700935,103896.886168224,2107342.67803738,250.474579439252,317.765887850467,401.885420560748,3365.83009345794,20383.0781308411,170.093271028037,455.149439252336,572.916822429907
"490",186.0047,2055.29018691589,401963.763364486,9729848.8182243,-274.224766355142,72.9022429906542,1071.13093457944,4256.00504672897,842.08523364486,145.793551401869,471.97214953271,657.028878504673,646.748037383178,350.476542056075,1267.37775700935,134933.526168224,2267975.09803738,650.494579439252,417.765887850467,501.885420560748,4166.03009345794,22285.7881308411,270.103271028037,355.149439252336,272.906822429907
"491",186.2877,955.180186915888,437057.033364486,10896935.5682243,526.755233644861,572.922242990654,1571.20093457944,4055.94504672897,242.06523364486,845.823551401869,671.98214953271,457.018878504673,46.7280373831776,450.476542056075,967.347757009346,115175.846168224,2575722.95803738,350.474579439252,717.785887850467,1.86542056074762,4666.18009345794,21885.1981308411,670.113271028037,155.139439252336,272.906822429907
"492",186.5707,855.170186915888,429662.743364486,10638137.8982243,1528.04523364486,372.912242990654,1071.13093457944,3255.70504672897,442.06523364486,545.813551401869,71.9621495327103,157.008878504673,546.748037383178,50.4665420560748,867.337757009346,123539.586168224,2319679.00803738,150.474579439252,217.765887850467,301.875420560748,2665.68009345794,19782.2781308411,370.103271028037,555.159439252336,72.8968224299066
"493",186.8538,1155.19018691589,370730.443364486,8999047.2382243,2128.84523364486,172.902242990654,971.110934579439,3255.70504672897,342.06523364486,145.793551401869,271.97214953271,757.038878504673,346.738037383178,350.476542056075,1367.38775700935,114873.626168224,2359826.66803738,350.474579439252,817.785887850467,301.875420560748,2565.66009345794,18981.2481308411,170.093271028037,-44.8605607476636,172.896822429907
"494",187.1368,955.180186915888,359582.813364486,9182353.4982243,2829.80523364486,572.922242990654,1271.16093457944,2155.43504672897,-57.9447663551402,645.813551401869,871.99214953271,557.028878504673,246.738037383178,50.4665420560748,1267.37775700935,95141.1061682243,1985244.81803738,350.474579439252,117.755887850467,201.875420560748,3265.80009345794,13775.5581308411,270.103271028037,355.149439252336,172.896822429907
"495",187.4198,755.160186915888,327205.753364486,8581023.0082243,1427.90523364486,472.912242990654,1171.14093457944,3955.90504672897,542.07523364486,445.803551401869,871.99214953271,57.0088785046729,646.748037383178,250.476542056075,1167.36775700935,109132.536168224,2206272.55803738,550.484579439252,417.765887850467,301.875420560748,2965.74009345794,15977.7481308411,-29.9067289719626,255.149439252336,72.8968224299066
"496",187.7028,555.150186915888,350792.793364486,8596712.8582243,3130.22523364486,172.902242990654,871.100934579439,2755.57504672897,42.0552336448598,345.803551401869,771.99214953271,357.018878504673,246.738037383178,250.476542056075,667.327757009346,107722.756168224,2126032.90803738,150.474579439252,217.765887850467,701.895420560748,3165.78009345794,20683.4881308411,370.103271028037,155.139439252336,172.896822429907
"497",187.9858,1355.21018691589,361525.413364486,8929448.7982243,4231.81523364486,-27.1077570093458,1471.18093457944,3655.81504672897,442.06523364486,-54.2064485981308,871.99214953271,557.028878504673,346.738037383178,650.486542056075,1367.38775700935,108226.236168224,2375471.38803738,50.4645794392524,117.755887850467,401.885420560748,4966.28009345794,23387.4581308411,470.103271028037,255.149439252336,372.906822429907
"498",188.2689,1055.18018691589,390897.283364486,9328121.4682243,2228.97523364486,472.912242990654,1171.14093457944,3955.90504672897,642.07523364486,45.7935514018692,-28.0378504672897,257.018878504673,46.7280373831776,250.476542056075,1567.41775700935,118903.716168224,2425798.53803738,450.484579439252,117.755887850467,601.895420560748,4066.00009345794,25791.3881308411,770.123271028037,555.159439252336,372.906822429907
"499",188.5519,855.170186915888,401656.243364486,10291445.7082243,4732.57523364486,172.902242990654,1271.16093457944,2755.57504672897,642.07523364486,245.803551401869,271.97214953271,557.028878504673,346.738037383178,-49.5334579439252,1567.41775700935,126462.906168224,2488877.83803738,750.494579439252,217.765887850467,1.86542056074762,5266.39009345794,26292.2581308411,570.113271028037,155.139439252336,172.896822429907
"500",188.8349,1055.18018691589,404423.993364486,10146163.6682243,2028.70523364486,-127.107757009346,2371.35093457944,4756.18504672897,442.06523364486,145.793551401869,871.99214953271,157.008878504673,346.738037383178,150.466542056075,1467.40775700935,133218.866168224,2504508.49803738,50.4645794392524,317.765887850467,-98.1345794392524,4066.00009345794,21384.4781308411,70.0932710280374,155.139439252336,472.906822429907
"501",189.118,755.160186915888,389360.833364486,9724453.5082243,5133.17523364486,-27.1077570093458,1171.14093457944,4155.97504672897,242.06523364486,45.7935514018692,-28.0378504672897,357.018878504673,246.738037383178,550.486542056075,1067.35775700935,113664.806168224,2296636.22803738,250.474579439252,117.755887850467,201.875420560748,2665.68009345794,21885.1981308411,270.103271028037,55.1394392523364,172.896822429907
"502",189.401,1255.20018691589,373185.983364486,9508190.9982243,1528.04523364486,272.902242990654,771.090934579439,2855.59504672897,342.06523364486,545.813551401869,271.97214953271,457.018878504673,346.738037383178,-49.5334579439252,1767.44775700935,117392.316168224,2587960.65803738,350.474579439252,517.775887850467,601.895420560748,4066.00009345794,24589.3781308411,370.103271028037,55.1394392523364,172.896822429907
"503",189.684,955.180186915888,429457.373364486,10177822.2682243,1528.04523364486,372.912242990654,971.110934579439,3155.67504672897,742.08523364486,345.803551401869,371.97214953271,157.008878504673,946.768037383178,250.476542056075,1367.38775700935,129386.776168224,2548800.29803738,350.474579439252,17.7558878504673,601.895420560748,2565.66009345794,22786.5381308411,270.103271028037,855.169439252336,472.906822429907
"504",189.967,1155.19018691589,369298.213364486,9277559.7482243,2128.84523364486,172.902242990654,571.070934579439,3655.81504672897,242.06523364486,345.803551401869,171.96214953271,157.008878504673,346.738037383178,250.476542056075,1567.41775700935,98361.0561682243,2102447.55803738,350.474579439252,417.765887850467,201.875420560748,4566.15009345794,24889.8681308411,170.093271028037,155.139439252336,472.906822429907
"505",190.25,1055.18018691589,381066.673364486,9957558.1982243,1628.17523364486,72.9022429906542,771.090934579439,3655.81504672897,242.06523364486,245.803551401869,171.96214953271,257.018878504673,246.738037383178,50.4665420560748,967.347757009346,116485.546168224,2198276.46803738,450.484579439252,517.775887850467,201.875420560748,2365.63009345794,19281.6281308411,270.103271028037,655.159439252336,372.906822429907
"506",190.5331,655.160186915888,383011.843364486,9205512.8682243,1327.78523364486,272.902242990654,771.090934579439,3555.78504672897,442.06523364486,45.7935514018692,271.97214953271,357.018878504673,446.738037383178,550.486542056075,1567.41775700935,118399.896168224,2180045.21803738,150.474579439252,517.775887850467,501.885420560748,3465.85009345794,19281.6281308411,370.103271028037,55.1394392523364,472.906822429907
"507",190.8161,655.160186915888,364797.703364486,8642254.2682243,2529.38523364486,672.922242990654,871.100934579439,3455.75504672897,342.06523364486,145.793551401869,71.9621495327103,157.008878504673,246.738037383178,-49.5334579439252,1267.37775700935,101581.656168224,2084578.02803738,550.484579439252,617.775887850467,601.895420560748,2365.63009345794,20883.7681308411,170.093271028037,255.149439252336,572.916822429907
"508",191.0991,355.150186915888,358049.313364486,8471230.8182243,3130.22523364486,272.902242990654,1171.14093457944,3755.84504672897,-57.9447663551402,-54.2064485981308,71.9621495327103,1057.05887850467,646.748037383178,350.476542056075,1567.41775700935,99769.9861682243,2062007.90803738,450.484579439252,17.7558878504673,301.875420560748,2865.72009345794,17579.5381308411,170.093271028037,355.149439252336,172.896822429907
"509",191.3821,855.170186915888,357538.183364486,8752774.5782243,3831.23523364486,1072.95224299065,871.100934579439,3655.81504672897,542.07523364486,545.813551401869,-28.0378504672897,657.028878504673,846.758037383178,250.476542056075,967.347757009346,97757.2661682243,2020553.02803738,450.484579439252,517.775887850467,101.875420560748,2165.60009345794,21384.4781308411,570.113271028037,355.149439252336,372.906822429907
"510",191.6652,1055.18018691589,349464.453364486,9065395.6782243,1828.43523364486,772.932242990654,771.090934579439,2555.52504672897,142.05523364486,445.803551401869,271.97214953271,357.018878504673,146.728037383178,750.496542056075,1467.40775700935,106212.436168224,2056111.61803738,-149.535420560748,417.765887850467,201.875420560748,3565.87009345794,20282.9481308411,470.103271028037,455.149439252336,-27.1031775700934
"511",191.9482,655.160186915888,368377.533364486,8685007.3882243,1728.30523364486,672.922242990654,971.110934579439,3455.75504672897,42.0552336448598,445.803551401869,171.96214953271,357.018878504673,646.748037383178,550.486542056075,1167.36775700935,107118.606168224,2107328.80803738,550.484579439252,217.765887850467,1.86542056074762,2265.61009345794,20282.9481308411,170.093271028037,255.149439252336,872.926822429907
"512",192.2312,1055.18018691589,373902.243364486,9604305.8482243,1528.04523364486,272.902242990654,1771.23093457944,3255.70504672897,42.0552336448598,545.813551401869,271.97214953271,257.018878504673,446.738037383178,50.4665420560748,1167.36775700935,108427.636168224,2116270.60803738,450.484579439252,717.785887850467,401.885420560748,4366.09009345794,19181.4981308411,370.103271028037,455.149439252336,272.906822429907
"513",192.5142,1355.21018691589,382807.073364486,9228987.0882243,3230.36523364486,972.942242990654,1871.25093457944,3855.87504672897,242.06523364486,445.803551401869,271.97214953271,157.008878504673,346.738037383178,-49.5334579439252,867.337757009346,113966.996168224,2326506.93803738,450.484579439252,517.775887850467,601.895420560748,3865.95009345794,17279.1881308411,570.113271028037,455.149439252336,72.8968224299066
"514",192.7973,1055.18018691589,383626.143364486,9218462.0882243,2128.84523364486,-27.1077570093458,671.080934579439,3255.70504672897,342.06523364486,645.813551401869,571.98214953271,857.038878504673,746.758037383178,550.486542056075,567.317757009346,109636.056168224,2312266.89803738,-49.5354205607476,417.765887850467,1.86542056074762,2965.74009345794,17779.7681308411,370.103271028037,-44.8605607476636,472.906822429907
"515",193.0803,755.160186915888,393868.093364486,9568961.3182243,3630.94523364486,172.902242990654,871.100934579439,3155.67504672897,942.09523364486,645.813551401869,71.9621495327103,157.008878504673,1146.77803738318,350.476542056075,1467.40775700935,115981.796168224,2348451.26803738,1050.52457943925,217.765887850467,501.885420560748,2965.74009345794,20182.8081308411,170.093271028037,255.149439252336,272.906822429907
"516",193.3633,755.160186915888,408627.733364486,11610617.6082243,4532.26523364486,172.902242990654,1171.14093457944,4055.94504672897,442.06523364486,745.823551401869,-28.0378504672897,357.018878504673,346.738037383178,150.466542056075,1367.38775700935,122934.836168224,2239467.08803738,750.494579439252,217.765887850467,601.895420560748,3065.76009345794,19181.4981308411,270.103271028037,255.149439252336,372.906822429907
"517",193.6463,755.160186915888,395917.233364486,9643337.0982243,5033.02523364486,772.932242990654,971.110934579439,3455.75504672897,242.06523364486,245.803551401869,71.9621495327103,357.018878504673,-53.2719626168224,350.476542056075,967.347757009346,121322.256168224,2252497.36803738,350.474579439252,117.755887850467,301.875420560748,3865.95009345794,20583.3581308411,70.0932710280374,455.149439252336,572.916822429907
"518",193.9294,855.170186915888,388951.173364486,9765969.9182243,3430.65523364486,572.922242990654,2071.29093457944,3555.78504672897,142.05523364486,45.7935514018692,271.97214953271,557.028878504673,246.738037383178,150.466542056075,1267.37775700935,109636.056168224,2310306.15803738,650.494579439252,117.755887850467,201.875420560748,4766.21009345794,22586.2381308411,170.093271028037,355.149439252336,572.916822429907
"519",194.2124,455.150186915888,383933.303364486,9300742.5582243,426.635233644858,72.9022429906542,1871.25093457944,2655.54504672897,442.06523364486,745.823551401869,-28.0378504672897,657.028878504673,46.7280373831776,450.476542056075,767.327757009346,119206.016168224,2413519.23803738,250.474579439252,117.755887850467,601.895420560748,2765.70009345794,21184.1881308411,270.103271028037,355.149439252336,172.896822429907
"520",194.4954,1155.19018691589,382499.923364486,9689824.5982243,2629.52523364486,372.912242990654,571.070934579439,3255.70504672897,642.07523364486,345.803551401869,-28.0378504672897,357.018878504673,346.738037383178,350.476542056075,967.347757009346,109636.056168224,2261814.54803738,350.474579439252,417.765887850467,601.895420560748,2665.68009345794,22185.6381308411,470.103271028037,355.149439252336,672.916822429907
"521",194.7784,1155.19018691589,439625.293364486,10330076.1782243,3630.94523364486,872.932242990654,1271.16093457944,3755.84504672897,242.06523364486,245.803551401869,171.96214953271,457.018878504673,646.748037383178,250.476542056075,867.337757009346,112758.246168224,2310347.75803738,550.484579439252,317.765887850467,301.875420560748,2465.64009345794,21384.4781308411,-29.9067289719626,355.149439252336,172.896822429907
"522",195.0614,555.150186915888,432845.993364486,10719315.2482243,4532.26523364486,372.912242990654,2071.29093457944,4656.14504672897,342.06523364486,145.793551401869,271.97214953271,857.038878504673,546.748037383178,150.466542056075,1067.35775700935,119911.396168224,2606901.08803738,450.484579439252,417.765887850467,201.875420560748,2565.66009345794,20883.7681308411,670.113271028037,755.169439252336,472.906822429907
"523",195.3445,1555.23018691589,432127.143364486,10515772.2782243,1528.04523364486,372.912242990654,1071.13093457944,2755.57504672897,542.07523364486,345.803551401869,371.97214953271,157.008878504673,246.738037383178,350.476542056075,1767.44775700935,114772.886168224,2441248.53803738,550.484579439252,617.775887850467,101.875420560748,4366.09009345794,22185.6381308411,770.123271028037,155.139439252336,572.916822429907
"524",195.6275,855.170186915888,367661.523364486,9340610.5282243,1227.65523364486,472.912242990654,1771.23093457944,3555.78504672897,742.08523364486,845.823551401869,471.97214953271,357.018878504673,646.748037383178,250.476542056075,1367.38775700935,112556.796168224,2242776.85803738,150.474579439252,217.765887850467,701.895420560748,3265.80009345794,19982.5481308411,70.0932710280374,555.159439252336,72.8968224299066
"525",195.9105,855.170186915888,405141.623364486,9973478.5082243,1528.04523364486,372.912242990654,1671.22093457944,4055.94504672897,442.06523364486,445.803551401869,671.98214953271,257.018878504673,646.748037383178,350.476542056075,867.337757009346,114571.416168224,2159894.82803738,550.484579439252,217.765887850467,101.875420560748,3465.85009345794,16678.5081308411,270.103271028037,355.149439252336,172.896822429907
"526",196.1936,1055.18018691589,383728.533364486,9679323.8182243,2729.66523364486,672.922242990654,1571.20093457944,1955.39504672897,442.06523364486,645.813551401869,271.97214953271,257.018878504673,546.748037383178,450.476542056075,1267.37775700935,100273.206168224,2028145.98803738,1150.52457943925,417.765887850467,301.875420560748,3765.92009345794,16378.1781308411,370.103271028037,455.149439252336,472.906822429907
"527",196.4766,955.180186915888,382192.773364486,9545317.5682243,2729.66523364486,372.912242990654,1471.18093457944,3255.70504672897,542.07523364486,-54.2064485981308,471.97214953271,657.028878504673,546.748037383178,250.476542056075,1367.38775700935,115377.326168224,2116187.20803738,450.484579439252,317.765887850467,101.875420560748,3065.76009345794,20082.6781308411,170.093271028037,255.149439252336,272.906822429907
"528",196.7596,955.180186915888,394687.713364486,9294923.0282243,1027.39523364486,472.912242990654,1171.14093457944,3355.72504672897,342.06523364486,445.803551401869,371.97214953271,357.018878504673,246.738037383178,50.4665420560748,1167.36775700935,105910.386168224,2457685.84803738,450.484579439252,117.755887850467,401.885420560748,2565.66009345794,18981.2481308411,670.113271028037,55.1394392523364,-27.1031775700934
"529",197.0426,1355.21018691589,404834.053364486,9747455.0682243,1327.78523364486,-127.107757009346,2171.31093457944,4756.18504672897,442.06523364486,45.7935514018692,571.98214953271,357.018878504673,346.738037383178,350.476542056075,1267.37775700935,107420.686168224,2200946.38803738,350.474579439252,117.755887850467,601.895420560748,3665.90009345794,20082.6781308411,470.103271028037,155.139439252336,672.916822429907
"530",197.3256,555.150186915888,405551.703364486,10327239.4582243,526.755233644861,472.912242990654,971.110934579439,4456.07504672897,142.05523364486,545.813551401869,171.96214953271,-42.9911214953271,646.748037383178,150.466542056075,967.347757009346,113362.606168224,2164066.69803738,-49.5354205607476,517.775887850467,201.875420560748,3165.78009345794,21384.4781308411,170.093271028037,255.149439252336,372.906822429907
"531",197.6087,655.160186915888,403706.393364486,9864073.8182243,927.265233644859,472.912242990654,871.100934579439,4956.25504672897,342.06523364486,845.823551401869,171.96214953271,457.018878504673,346.738037383178,450.476542056075,1767.44775700935,116687.046168224,2344056.93803738,350.474579439252,517.775887850467,301.875420560748,3065.76009345794,19882.4081308411,270.103271028037,255.149439252336,672.916822429907
"532",197.8917,1455.22018691589,398581.543364486,9855719.9182243,1728.30523364486,372.912242990654,1271.16093457944,4356.04504672897,242.06523364486,545.813551401869,271.97214953271,57.0088785046729,146.728037383178,50.4665420560748,1467.40775700935,104400.226168224,2209276.26803738,250.474579439252,817.785887850467,501.885420560748,3165.78009345794,18180.2581308411,770.123271028037,355.149439252336,472.906822429907
"533",198.1747,1555.23018691589,354369.533364486,8983248.0182243,2529.38523364486,272.902242990654,1371.17093457944,2455.50504672897,742.08523364486,245.803551401869,571.98214953271,257.018878504673,246.738037383178,450.476542056075,1167.36775700935,96650.3761682243,1954845.40803738,550.484579439252,517.775887850467,1.86542056074762,2065.58009345794,18981.2481308411,470.103271028037,355.149439252336,272.906822429907
"534",198.4577,1055.18018691589,398786.493364486,9927694.1382243,1327.78523364486,72.9022429906542,1071.13093457944,3355.72504672897,142.05523364486,545.813551401869,-28.0378504672897,257.018878504673,546.748037383178,450.476542056075,1267.37775700935,110240.306168224,2421946.38803738,350.474579439252,517.775887850467,501.885420560748,2865.72009345794,18480.6181308411,170.093271028037,1055.18943925234,272.906822429907
"535",198.7408,255.140186915888,409448.093364486,10257459.7682243,3230.36523364486,472.912242990654,1871.25093457944,3055.64504672897,442.06523364486,545.813551401869,-28.0378504672897,357.018878504673,646.748037383178,450.476542056075,1067.35775700935,107420.686168224,2148296.96803738,250.474579439252,317.765887850467,301.875420560748,2865.72009345794,19481.8881308411,170.093271028037,455.149439252336,772.926822429907
"536",199.0238,1155.19018691589,392638.723364486,9479551.1582243,1427.90523364486,72.9022429906542,2171.31093457944,3355.72504672897,142.05523364486,445.803551401869,471.97214953271,357.018878504673,446.738037383178,350.476542056075,1067.35775700935,101682.316168224,1960616.69803738,350.474579439252,17.7558878504673,601.895420560748,2465.64009345794,15977.7481308411,170.093271028037,455.149439252336,272.906822429907
"537",199.3068,955.180186915888,359276.093364486,9715287.0982243,3931.37523364486,172.902242990654,2971.49093457944,3355.72504672897,142.05523364486,245.803551401869,71.9621495327103,-42.9911214953271,546.748037383178,350.476542056075,1467.40775700935,103796.196168224,2146363.96803738,150.474579439252,217.765887850467,201.875420560748,2765.70009345794,17279.1881308411,570.113271028037,755.169439252336,272.906822429907
"538",199.5898,755.160186915888,356413.763364486,9455252.7182243,2829.80523364486,172.902242990654,1971.27093457944,2555.52504672897,342.06523364486,645.813551401869,71.9621495327103,357.018878504673,346.738037383178,650.486542056075,867.337757009346,100977.736168224,2383467.48803738,150.474579439252,917.795887850467,501.885420560748,2365.63009345794,16778.6181308411,170.093271028037,555.159439252336,472.906822429907
"539",199.8728,855.170186915888,369809.693364486,8904386.2982243,2929.94523364486,472.912242990654,971.110934579439,3455.75504672897,242.06523364486,145.793551401869,371.97214953271,257.018878504673,146.728037383178,250.476542056075,667.327757009346,101883.626168224,2098095.01803738,150.474579439252,317.765887850467,701.895420560748,2365.63009345794,17279.1881308411,270.103271028037,255.149439252336,172.896822429907
"540",200.1559,855.170186915888,411191.553364486,10122180.0782243,2829.80523364486,372.912242990654,871.100934579439,2755.57504672897,342.06523364486,545.813551401869,271.97214953271,557.028878504673,246.738037383178,150.466542056075,1267.37775700935,112053.176168224,2218482.32803738,450.484579439252,317.765887850467,1.86542056074762,4666.18009345794,20983.9081308411,370.103271028037,455.149439252336,772.926822429907
"541",200.4389,855.170186915888,445790.723364486,10318145.7082243,2329.11523364486,372.912242990654,1971.27093457944,3155.67504672897,142.05523364486,345.803551401869,571.98214953271,457.018878504673,446.738037383178,550.486542056075,567.317757009346,116082.536168224,2269518.65803738,-49.5354205607476,317.765887850467,301.875420560748,1765.54009345794,18280.3781308411,470.103271028037,2255.33943925234,3173.27682242991
"542",200.7219,855.170186915888,419603.613364486,10473225.3982243,1127.52523364486,72.9022429906542,2271.33093457944,3555.78504672897,-57.9447663551402,445.803551401869,271.97214953271,557.028878504673,346.738037383178,450.476542056075,867.337757009346,104702.236168224,2082700.67803738,250.474579439252,117.755887850467,601.895420560748,2765.70009345794,18480.6181308411,-29.9067289719626,1155.19943925234,772.926822429907
"543",201.005,955.180186915888,383114.203364486,8966503.4882243,226.385233644858,272.902242990654,1371.17093457944,3755.84504672897,142.05523364486,345.803551401869,271.97214953271,57.0088785046729,546.748037383178,450.476542056075,1267.37775700935,91720.6461682243,1983589.93803738,350.474579439252,617.775887850467,101.875420560748,2265.61009345794,14276.0281308411,570.113271028037,55.1394392523364,572.916822429907
"544",201.288,655.160186915888,364695.433364486,9097672.2382243,-474.46476635514,172.902242990654,1471.18093457944,3755.84504672897,442.06523364486,345.803551401869,471.97214953271,257.018878504673,246.738037383178,550.486542056075,1067.35775700935,103896.886168224,1883422.35803738,250.474579439252,617.775887850467,201.875420560748,2565.66009345794,17379.3081308411,1070.14327102804,155.139439252336,272.906822429907
"545",201.571,555.150186915888,384854.833364486,9017319.1182243,3731.08523364486,372.912242990654,2271.33093457944,4055.94504672897,242.06523364486,145.793551401869,171.96214953271,557.028878504673,546.748037383178,350.476542056075,1667.42775700935,104702.236168224,2002752.82803738,550.484579439252,517.775887850467,501.885420560748,2765.70009345794,15477.2181308411,370.103271028037,455.149439252336,472.906822429907
"546",201.854,1355.21018691589,365309.083364486,9608683.1882243,26.1352336448581,472.912242990654,1671.22093457944,1855.37504672897,242.06523364486,745.823551401869,271.97214953271,557.028878504673,146.728037383178,4151.04654205607,1167.36775700935,96147.2761682243,1880794.03803738,750.494579439252,-82.2441121495327,201.875420560748,2765.70009345794,14476.2181308411,370.103271028037,455.149439252336,172.896822429907
"547",202.137,1155.19018691589,363672.803364486,9047486.3082243,2128.84523364486,-227.107757009346,1471.18093457944,3355.72504672897,642.07523364486,445.803551401869,71.9621495327103,357.018878504673,546.748037383178,-49.5334579439252,1267.37775700935,104702.236168224,2222737.79803738,550.484579439252,117.755887850467,701.895420560748,2465.64009345794,16878.7281308411,670.113271028037,555.159439252336,972.936822429907
"548",202.4201,1155.19018691589,411601.803364486,10089321.4882243,-274.224766355142,72.9022429906542,2071.29093457944,2055.41504672897,142.05523364486,245.803551401869,371.97214953271,357.018878504673,346.738037383178,350.476542056075,467.307757009346,100373.856168224,2088304.77803738,550.484579439252,217.765887850467,601.895420560748,2665.68009345794,22085.4881308411,470.103271028037,555.159439252336,672.916822429907
"549",202.7031,655.160186915888,368582.123364486,9427473.8082243,1828.43523364486,272.902242990654,1371.17093457944,3155.67504672897,142.05523364486,345.803551401869,771.99214953271,257.018878504673,646.748037383178,650.486542056075,1167.36775700935,105004.276168224,2098178.41803738,50.4645794392524,117.755887850467,1.86542056074762,2165.60009345794,17479.4181308411,470.103271028037,955.179439252336,372.906822429907
"550",202.9861,855.170186915888,405551.703364486,9655001.1582243,2529.38523364486,372.912242990654,1971.27093457944,4256.00504672897,342.06523364486,545.813551401869,471.97214953271,557.028878504673,146.728037383178,250.476542056075,1267.37775700935,102386.906168224,2104283.29803738,350.474579439252,17.7558878504673,601.895420560748,2765.70009345794,18280.3781308411,470.103271028037,455.149439252336,572.916822429907
"551",203.2691,955.180186915888,391819.183364486,9612441.7882243,-1575.73476635514,472.912242990654,2071.29093457944,4055.94504672897,42.0552336448598,245.803551401869,371.97214953271,-42.9911214953271,-153.271962616822,50.4665420560748,967.347757009346,105205.626168224,2154582.51803738,850.504579439252,417.765887850467,201.875420560748,2665.68009345794,18981.2481308411,770.123271028037,555.159439252336,372.906822429907
"552",203.5522,555.150186915888,377893.453364486,9450705.8482243,3430.65523364486,-127.107757009346,1771.23093457944,4055.94504672897,42.0552336448598,345.803551401869,271.97214953271,657.028878504673,146.728037383178,150.466542056075,867.337757009346,109535.346168224,2032748.91803738,650.494579439252,217.765887850467,201.875420560748,4366.09009345794,18180.2581308411,570.113271028037,355.149439252336,272.906822429907
"553",203.8352,555.150186915888,373799.923364486,9477817.5682243,1828.43523364486,-27.1077570093458,1371.17093457944,3255.70504672897,142.05523364486,445.803551401869,271.97214953271,157.008878504673,346.738037383178,550.486542056075,967.347757009346,97656.6361682243,1915351.45803738,50.4645794392524,117.755887850467,501.885420560748,2865.72009345794,14876.6081308411,270.103271028037,255.149439252336,172.896822429907
"554",204.1182,1055.18018691589,386493.233364486,9205282.3982243,6335.07523364486,472.912242990654,971.110934579439,2455.50504672897,442.06523364486,345.803551401869,171.96214953271,-42.9911214953271,646.748037383178,350.476542056075,667.327757009346,97857.8961682243,2006299.11803738,550.484579439252,117.755887850467,101.875420560748,2465.64009345794,16077.8481308411,170.093271028037,1055.18943925234,172.896822429907
"555",204.4012,255.140186915888,360707.443364486,8967218.3382243,1828.43523364486,372.912242990654,1571.20093457944,5156.33504672897,542.07523364486,245.803551401869,671.98214953271,457.018878504673,246.738037383178,450.476542056075,467.307757009346,97857.8961682243,1879250.47803738,50.4645794392524,317.765887850467,1001.92542056075,2265.61009345794,13175.0181308411,270.103271028037,455.149439252336,72.8968224299066
"556",204.6843,1155.19018691589,366024.993364486,8842633.1782243,3130.22523364486,272.902242990654,1171.14093457944,3755.84504672897,-57.9447663551402,245.803551401869,171.96214953271,257.018878504673,446.738037383178,350.476542056075,767.327757009346,91821.2361682243,1911596.57803738,350.474579439252,417.765887850467,201.875420560748,2765.70009345794,16678.5081308411,370.103271028037,555.159439252336,272.906822429907
"557",204.9673,355.150186915888,394585.273364486,9466019.9082243,326.505233644861,172.902242990654,771.090934579439,2955.62504672897,342.06523364486,845.823551401869,-128.03785046729,857.038878504673,146.728037383178,850.496542056075,367.307757009346,110038.876168224,2131039.15803738,550.484579439252,317.765887850467,601.895420560748,2965.74009345794,14576.3181308411,870.123271028037,155.139439252336,572.916822429907
"558",205.2503,455.150186915888,346603.853364486,8923507.3982243,2128.84523364486,-27.1077570093458,1571.20093457944,4556.11504672897,442.06523364486,845.823551401869,71.9621495327103,157.008878504673,546.748037383178,750.496542056075,767.327757009346,98159.7861682243,1850603.40803738,250.474579439252,117.755887850467,301.875420560748,2165.60009345794,15477.2181308411,270.103271028037,355.149439252336,272.906822429907
"559",205.5333,1555.23018691589,358969.403364486,8641139.4182243,6134.75523364486,672.922242990654,1371.17093457944,3155.67504672897,142.05523364486,245.803551401869,271.97214953271,257.018878504673,146.728037383178,50.4665420560748,767.327757009346,96952.2461682243,1851131.72803738,350.474579439252,217.765887850467,201.875420560748,1965.57009345794,16177.9581308411,370.103271028037,155.139439252336,-127.103177570093
"560",205.8164,755.160186915888,350179.713364486,9391183.9682243,2128.84523364486,672.922242990654,2571.39093457944,3655.81504672897,742.08523364486,-54.2064485981308,71.9621495327103,157.008878504673,546.748037383178,550.486542056075,667.327757009346,105608.346168224,2125712.98803738,250.474579439252,317.765887850467,401.885420560748,2065.58009345794,14976.7081308411,570.113271028037,355.149439252336,172.896822429907
"561",206.0994,455.150186915888,412627.443364486,10547576.1782243,4432.11523364486,672.922242990654,1971.27093457944,4256.00504672897,-57.9447663551402,145.793551401869,271.97214953271,357.018878504673,246.738037383178,550.486542056075,1167.36775700935,106111.746168224,2111639.74803738,450.484579439252,217.765887850467,401.885420560748,2765.70009345794,15777.5281308411,170.093271028037,55.1394392523364,372.906822429907
"562",206.3824,655.160186915888,385469.213364486,9943129.2882243,5133.17523364486,372.912242990654,1171.14093457944,3255.70504672897,742.08523364486,145.793551401869,671.98214953271,557.028878504673,246.738037383178,550.486542056075,1667.42775700935,103796.196168224,2078973.72803738,250.474579439252,417.765887850467,301.875420560748,2065.58009345794,16177.9581308411,370.103271028037,355.149439252336,572.916822429907
"563",206.6654,755.160186915888,386902.883364486,9807025.3882243,2128.84523364486,72.9022429906542,1771.23093457944,3755.84504672897,542.07523364486,45.7935514018692,771.99214953271,457.018878504673,-53.2719626168224,650.486542056075,1367.38775700935,97857.8961682243,2108302.24803738,250.474579439252,217.765887850467,1.86542056074762,2565.66009345794,13675.4681308411,370.103271028037,355.149439252336,572.916822429907
"564",206.9485,555.150186915888,380042.993364486,9364702.7182243,1427.90523364486,472.912242990654,1571.20093457944,2855.59504672897,442.06523364486,845.823551401869,571.98214953271,257.018878504673,646.748037383178,150.466542056075,1067.35775700935,102990.876168224,1944387.78803738,250.474579439252,417.765887850467,101.875420560748,2365.63009345794,12974.8381308411,470.103271028037,-44.8605607476636,172.896822429907
"565",207.2315,455.150186915888,381373.773364486,9644937.0982243,-474.46476635514,272.902242990654,1171.14093457944,3855.87504672897,442.06523364486,745.823551401869,171.96214953271,557.028878504673,246.738037383178,350.476542056075,867.337757009346,104702.236168224,1985147.35803738,350.474579439252,317.765887850467,601.895420560748,1665.53009345794,13975.7481308411,270.103271028037,355.149439252336,272.906822429907
"566",207.5145,255.140186915888,349260.133364486,9052118.3382243,3330.50523364486,72.9022429906542,871.100934579439,1755.35504672897,242.06523364486,45.7935514018692,171.96214953271,257.018878504673,646.748037383178,150.466542056075,267.297757009346,97556.0061682243,1883186.02803738,450.484579439252,517.775887850467,501.885420560748,1765.54009345794,17279.1881308411,470.103271028037,255.149439252336,972.936822429907
"567",207.7975,755.160186915888,390385.103364486,9732868.3482243,2429.24523364486,272.902242990654,1971.27093457944,3355.72504672897,142.05523364486,545.813551401869,71.9621495327103,157.008878504673,346.738037383178,350.476542056075,267.297757009346,101883.626168224,1974578.60803738,-49.5354205607476,417.765887850467,501.885420560748,2765.70009345794,13875.6481308411,470.103271028037,455.149439252336,772.926822429907
"568",208.0806,455.150186915888,351916.823364486,8532983.1682243,2329.11523364486,772.932242990654,1271.16093457944,2555.52504672897,242.06523364486,445.803551401869,471.97214953271,457.018878504673,646.748037383178,350.476542056075,567.317757009346,97153.4961682243,1929382.90803738,150.474579439252,517.775887850467,201.875420560748,1265.48009345794,14376.1281308411,170.093271028037,155.139439252336,172.896822429907
"569",208.3636,355.150186915888,411088.963364486,9672727.7282243,1728.30523364486,272.902242990654,1771.23093457944,4256.00504672897,242.06523364486,445.803551401869,271.97214953271,57.0088785046729,246.738037383178,250.476542056075,767.327757009346,122834.036168224,2063050.87803738,450.484579439252,217.765887850467,301.875420560748,3265.80009345794,18580.7481308411,570.113271028037,455.149439252336,272.906822429907
"570",208.6466,1555.23018691589,405244.163364486,9286762.8682243,3230.36523364486,372.912242990654,571.070934579439,3755.84504672897,542.07523364486,545.813551401869,371.97214953271,57.0088785046729,246.738037383178,750.496542056075,1067.35775700935,92827.1861682243,1912403.21803738,150.474579439252,517.775887850467,301.875420560748,2265.61009345794,16177.9581308411,570.113271028037,655.159439252336,72.8968224299066
"571",208.9296,455.150186915888,410268.503364486,9873919.1382243,4131.67523364486,472.912242990654,2171.31093457944,4956.25504672897,342.06523364486,145.793551401869,271.97214953271,757.038878504673,146.728037383178,650.486542056075,1167.36775700935,97757.2661682243,2059323.91803738,50.4645794392524,117.755887850467,201.875420560748,2065.58009345794,15176.9081308411,270.103271028037,355.149439252336,572.916822429907
"572",209.2126,1055.18018691589,397146.873364486,10300285.5482243,1427.90523364486,172.902242990654,1871.25093457944,4456.07504672897,342.06523364486,-54.2064485981308,71.9621495327103,-42.9911214953271,246.738037383178,50.4665420560748,1867.45775700935,107823.456168224,2067195.01803738,350.474579439252,217.765887850467,401.885420560748,2265.61009345794,15477.2181308411,170.093271028037,355.149439252336,372.906822429907
"573",209.4957,555.150186915888,416012.543364486,10361747.2682243,1027.39523364486,672.922242990654,2471.37093457944,2855.59504672897,642.07523364486,345.803551401869,171.96214953271,457.018878504673,146.728037383178,350.476542056075,1167.36775700935,107622.066168224,2155764.74803738,450.484579439252,-82.2441121495327,501.885420560748,3165.78009345794,17179.0781308411,170.093271028037,455.149439252336,172.896822429907
"574",209.7787,955.180186915888,433154.103364486,10490273.0582243,2529.38523364486,772.932242990654,2971.49093457944,1955.39504672897,342.06523364486,445.803551401869,371.97214953271,157.008878504673,146.728037383178,650.486542056075,1267.37775700935,102990.876168224,2109233.88803738,550.484579439252,417.765887850467,301.875420560748,3065.76009345794,17179.0781308411,270.103271028037,355.149439252336,372.906822429907
"575",210.0617,755.160186915888,421758.643364486,10253045.7082243,2028.70523364486,-27.1077570093458,1771.23093457944,4356.04504672897,242.06523364486,745.823551401869,171.96214953271,457.018878504673,346.738037383178,50.4665420560748,667.327757009346,94638.0461682243,2176707.71803738,450.484579439252,217.765887850467,501.885420560748,3165.78009345794,13175.0181308411,270.103271028037,255.149439252336,272.906822429907
"576",210.3448,655.160186915888,380145.363364486,10229559.7682243,1828.43523364486,172.902242990654,2171.31093457944,3855.87504672897,142.05523364486,45.7935514018692,771.99214953271,257.018878504673,146.728037383178,350.476542056075,1267.37775700935,109535.346168224,2131887.39803738,50.4645794392524,117.755887850467,401.885420560748,2665.68009345794,17179.0781308411,-129.906728971963,155.139439252336,572.916822429907
"577",210.6278,455.150186915888,425145.653364486,10071108.9882243,-274.224766355142,172.902242990654,1971.27093457944,4756.18504672897,442.06523364486,245.803551401869,71.9621495327103,157.008878504673,146.728037383178,350.476542056075,567.317757009346,101782.966168224,2050924.50803738,150.474579439252,117.755887850467,601.895420560748,2565.66009345794,14075.8381308411,-29.9067289719626,155.139439252336,472.906822429907
"578",210.9108,755.160186915888,379838.253364486,9761107.4182243,3731.08523364486,972.942242990654,2071.29093457944,4155.97504672897,242.06523364486,445.803551401869,671.98214953271,457.018878504673,446.738037383178,250.476542056075,867.337757009346,94336.2261682243,1832330.35803738,150.474579439252,217.765887850467,301.875420560748,2965.74009345794,15977.7481308411,370.103271028037,355.149439252336,272.906822429907
"579",211.1938,655.160186915888,392741.163364486,10331034.7682243,2329.11523364486,-27.1077570093458,2271.33093457944,2755.57504672897,42.0552336448598,245.803551401869,271.97214953271,457.018878504673,646.748037383178,450.476542056075,1067.35775700935,106514.486168224,1993686.02803738,350.474579439252,417.765887850467,301.875420560748,3565.87009345794,18480.6181308411,470.103271028037,255.149439252336,372.906822429907
"580",211.4768,655.160186915888,397146.873364486,9757482.4182243,727.015233644859,-127.107757009346,2071.29093457944,3655.81504672897,242.06523364486,245.803551401869,171.96214953271,457.018878504673,746.758037383178,150.466542056075,1367.38775700935,105507.656168224,2169977.04803738,350.474579439252,317.765887850467,-98.1345794392524,2165.60009345794,16278.0681308411,170.093271028037,555.159439252336,272.906822429907
"581",211.7599,1355.21018691589,378917.013364486,9652879.2882243,3230.36523364486,672.922242990654,1871.25093457944,4556.11504672897,642.07523364486,45.7935514018692,71.9621495327103,157.008878504673,146.728037383178,-49.5334579439252,1867.45775700935,112053.176168224,2289168.45803738,50.4645794392524,417.765887850467,601.895420560748,2365.63009345794,16778.6181308411,270.103271028037,255.149439252336,972.936822429907
"582",212.0429,1155.19018691589,400426.293364486,10250936.3282243,2829.80523364486,472.912242990654,1771.23093457944,4356.04504672897,242.06523364486,45.7935514018692,-28.0378504672897,557.028878504673,146.728037383178,50.4665420560748,1367.38775700935,104500.896168224,2115032.90803738,50.4645794392524,217.765887850467,201.875420560748,2765.70009345794,18080.1281308411,670.113271028037,455.149439252336,72.8968224299066
"583",212.3259,955.180186915888,372162.793364486,9760513.6682243,3330.50523364486,-27.1077570093458,1871.25093457944,3755.84504672897,242.06523364486,45.7935514018692,271.97214953271,-42.9911214953271,46.7280373831776,150.466542056075,1167.36775700935,91418.8761682243,1870837.19803738,50.4645794392524,317.765887850467,201.875420560748,3465.85009345794,15577.3281308411,170.093271028037,455.149439252336,172.896822429907
"584",212.6089,555.150186915888,388643.893364486,9822557.4182243,2529.38523364486,172.902242990654,1371.17093457944,4256.00504672897,242.06523364486,245.803551401869,471.97214953271,457.018878504673,146.728037383178,450.476542056075,1467.40775700935,117190.806168224,2150271.57803738,350.474579439252,117.755887850467,1.86542056074762,2365.63009345794,15076.8081308411,170.093271028037,255.149439252336,272.906822429907
"585",212.892,855.170186915888,411088.963364486,10724966.0282243,4432.11523364486,372.912242990654,2171.31093457944,3855.87504672897,242.06523364486,545.813551401869,171.96214953271,357.018878504673,546.748037383178,150.466542056075,767.327757009346,101782.966168224,2144514.35803738,50.4645794392524,1117.81588785047,601.895420560748,2465.64009345794,15777.5281308411,370.103271028037,355.149439252336,172.896822429907
"586",213.175,955.180186915888,409140.473364486,9475901.9382243,4432.11523364486,672.922242990654,2171.31093457944,3655.81504672897,242.06523364486,745.823551401869,271.97214953271,357.018878504673,246.738037383178,350.476542056075,867.337757009346,98763.5961682243,2037240.71803738,450.484579439252,517.775887850467,201.875420560748,2565.66009345794,16278.0681308411,570.113271028037,255.149439252336,272.906822429907
"587",213.458,555.150186915888,421348.093364486,9538382.4082243,4632.41523364486,372.912242990654,1371.17093457944,3855.87504672897,342.06523364486,345.803551401869,-28.0378504672897,557.028878504673,446.738037383178,350.476542056075,667.327757009346,99870.6261682243,2025503.80803738,450.484579439252,417.765887850467,1.86542056074762,2765.70009345794,16978.8481308411,270.103271028037,155.139439252336,-27.1031775700934
"588",213.741,855.170186915888,409243.043364486,9822994.1382243,1828.43523364486,272.902242990654,1871.25093457944,4256.00504672897,442.06523364486,345.803551401869,271.97214953271,-142.991121495327,246.738037383178,650.486542056075,667.327757009346,98562.3261682243,2023501.26803738,350.474579439252,317.765887850467,201.875420560748,2965.74009345794,16177.9581308411,370.103271028037,255.149439252336,472.906822429907
"589",214.024,855.170186915888,391921.633364486,9916975.3882243,-1075.16476635514,772.932242990654,1271.16093457944,3355.72504672897,542.07523364486,-54.2064485981308,171.96214953271,157.008878504673,146.728037383178,-49.5334579439252,1167.36775700935,95946.0361682243,1800582.11803738,650.494579439252,317.765887850467,1.86542056074762,2765.70009345794,16077.8481308411,-29.9067289719626,155.139439252336,472.906822429907
"590",214.3071,755.160186915888,377381.713364486,9050687.8682243,4031.52523364486,272.902242990654,2071.29093457944,2055.41504672897,342.06523364486,445.803551401869,271.97214953271,257.018878504673,246.738037383178,550.486542056075,367.307757009346,96851.6261682243,1988401.45803738,250.474579439252,-182.244112149533,1.86542056074762,2265.61009345794,12474.4181308411,170.093271028037,55.1394392523364,572.916822429907
"591",214.5901,855.170186915888,377791.113364486,9548737.0982243,3831.23523364486,72.9022429906542,1571.20093457944,2855.59504672897,42.0552336448598,445.803551401869,171.96214953271,57.0088785046729,346.738037383178,550.486542056075,1067.35775700935,108427.636168224,2162008.68803738,350.474579439252,417.765887850467,701.895420560748,3865.95009345794,17479.4181308411,270.103271028037,155.139439252336,372.906822429907
"592",214.8731,955.180186915888,421040.283364486,10656216.8082243,2929.94523364486,-127.107757009346,2471.37093457944,2855.59504672897,342.06523364486,245.803551401869,371.97214953271,857.038878504673,446.738037383178,50.4665420560748,1267.37775700935,98461.6861682243,2097065.91803738,150.474579439252,317.765887850467,301.875420560748,1865.55009345794,17179.0781308411,370.103271028037,255.149439252336,72.8968224299066
"593",215.1562,955.180186915888,395404.933364486,9708145.6982243,2629.52523364486,72.9022429906542,1871.25093457944,4155.97504672897,-57.9447663551402,45.7935514018692,371.97214953271,257.018878504673,146.728037383178,350.476542056075,867.337757009346,111952.456168224,2103699.31803738,150.474579439252,117.755887850467,401.885420560748,2065.58009345794,15277.0181308411,570.113271028037,-44.8605607476636,472.906822429907
"594",215.4392,455.150186915888,370832.733364486,10052242.5782243,2629.52523364486,-127.107757009346,1871.25093457944,3655.81504672897,342.06523364486,-154.206448598131,271.97214953271,157.008878504673,146.728037383178,50.4665420560748,667.327757009346,109736.766168224,2042761.61803738,350.474579439252,517.775887850467,1902.02542056075,2265.61009345794,17879.8881308411,170.093271028037,155.139439252336,472.906822429907
"595",215.7222,855.170186915888,410371.093364486,10432751.9582243,126.265233644859,-127.107757009346,1471.18093457944,4155.97504672897,342.06523364486,45.7935514018692,371.97214953271,57.0088785046729,46.7280373831776,50.4665420560748,667.327757009346,104903.596168224,2123056.92803738,750.494579439252,217.765887850467,1.86542056074762,3265.80009345794,16177.9581308411,70.0932710280374,455.149439252336,372.906822429907
"596",216.0052,355.150186915888,361320.923364486,9025806.6182243,5033.02523364486,472.912242990654,1871.25093457944,3755.84504672897,242.06523364486,345.803551401869,471.97214953271,57.0088785046729,346.738037383178,650.486542056075,1267.37775700935,98059.1661682243,2120581.53803738,-149.535420560748,617.775887850467,1.86542056074762,2865.72009345794,15477.2181308411,970.133271028037,-44.8605607476636,572.916822429907
"597",216.2882,755.160186915888,415704.833364486,9687666.0082243,4031.52523364486,772.932242990654,2071.29093457944,3155.67504672897,642.07523364486,245.803551401869,171.96214953271,757.038878504673,346.738037383178,350.476542056075,767.327757009346,112858.966168224,2272244.43803738,150.474579439252,217.765887850467,101.875420560748,2865.72009345794,17379.3081308411,470.103271028037,255.149439252336,672.916822429907
"598",216.5713,655.160186915888,393560.743364486,10343632.4282243,1427.90523364486,472.912242990654,1671.22093457944,4556.11504672897,242.06523364486,145.793551401869,471.97214953271,357.018878504673,246.738037383178,250.476542056075,1667.42775700935,110844.576168224,2135753.41803738,150.474579439252,617.775887850467,301.875420560748,2565.66009345794,14976.7081308411,170.093271028037,55.1394392523364,172.896822429907
"599",216.8543,455.150186915888,410576.223364486,10569534.7782243,-1075.16476635514,172.902242990654,2771.44093457944,4456.07504672897,-157.94476635514,645.813551401869,371.97214953271,957.048878504673,46.7280373831776,950.506542056075,867.337757009346,99971.2761682243,2059087.59803738,-49.5354205607476,217.765887850467,501.885420560748,2765.70009345794,17579.5381308411,370.103271028037,755.169439252336,372.906822429907
"600",217.1373,855.170186915888,370321.193364486,9109155.0582243,1227.65523364486,372.912242990654,1071.13093457944,3955.90504672897,142.05523364486,545.813551401869,671.98214953271,57.0088785046729,446.738037383178,650.486542056075,1067.35775700935,92223.6061682243,1914503.01803738,350.474579439252,817.785887850467,601.895420560748,2665.68009345794,16978.8481308411,370.103271028037,455.149439252336,172.896822429907
"601",217.4203,855.170186915888,385059.643364486,9799423.0382243,2429.24523364486,472.912242990654,1571.20093457944,3255.70504672897,442.06523364486,345.803551401869,71.9621495327103,157.008878504673,146.728037383178,450.476542056075,867.337757009346,97354.7461682243,2040995.40803738,650.494579439252,417.765887850467,701.895420560748,2765.70009345794,14476.2181308411,570.113271028037,455.149439252336,72.8968224299066
"602",217.7034,7356.86018691589,381680.903364486,9296741.7782243,2329.11523364486,572.922242990654,1771.23093457944,3255.70504672897,42.0552336448598,245.803551401869,-128.03785046729,557.028878504673,146.728037383178,450.476542056075,667.327757009346,100071.916168224,1995271.18803738,550.484579439252,-82.2441121495327,501.885420560748,2965.74009345794,14676.4181308411,370.103271028037,255.149439252336,372.906822429907
"603",217.9864,1355.21018691589,393150.953364486,9198892.5582243,4031.52523364486,472.912242990654,1871.25093457944,3555.78504672897,542.07523364486,145.793551401869,371.97214953271,357.018878504673,446.738037383178,850.496542056075,1667.42775700935,104500.896168224,2002627.82803738,-249.535420560748,17.7558878504673,501.885420560748,2765.70009345794,15577.3281308411,570.113271028037,1055.18943925234,72.8968224299066
"604",218.2694,1455.22018691589,382807.073364486,9495447.2482243,3630.94523364486,372.912242990654,2171.31093457944,2955.62504672897,-157.94476635514,845.823551401869,171.96214953271,357.018878504673,146.728037383178,1550.55654205607,1067.35775700935,97354.7461682243,1922457.51803738,450.484579439252,517.775887850467,301.875420560748,2665.68009345794,13575.3781308411,70.0932710280374,955.179439252336,1172.95682242991
"605",218.5524,955.180186915888,360809.693364486,8833940.2082243,2829.80523364486,472.912242990654,2071.29093457944,3855.87504672897,742.08523364486,345.803551401869,371.97214953271,657.028878504673,546.748037383178,3050.78654205607,4368.03775700935,97556.0061682243,2116729.38803738,-49.5354205607476,517.775887850467,801.905420560748,3265.80009345794,15677.4281308411,170.093271028037,655.159439252336,372.906822429907
"606",218.8355,1555.23018691589,358253.753364486,9615982.4082243,1928.57523364486,372.912242990654,2171.31093457944,4956.25504672897,42.0552336448598,445.803551401869,471.97214953271,457.018878504673,346.738037383178,5751.55654205608,2067.48775700935,106212.436168224,2053664.15803738,650.494579439252,317.765887850467,401.885420560748,2565.66009345794,15777.5281308411,70.0932710280374,755.169439252336,172.896822429907
"607",219.1185,2055.29018691589,392843.603364486,9585160.5382243,3130.22523364486,72.9022429906542,1971.27093457944,3455.75504672897,242.06523364486,445.803551401869,271.97214953271,557.028878504673,446.738037383178,2450.67654205607,4368.03775700935,101682.316168224,2074398.52803738,350.474579439252,317.765887850467,801.905420560748,1765.54009345794,14976.7081308411,70.0932710280374,455.149439252336,972.936822429907
"608",219.4015,1555.23018691589,361014.183364486,9010347.2382243,-574.584766355139,472.912242990654,1571.20093457944,3455.75504672897,342.06523364486,345.803551401869,371.97214953271,1157.05887850467,146.728037383178,4451.13654205608,3667.83775700935,107722.756168224,2181658.29803738,650.494579439252,217.765887850467,801.905420560748,2865.72009345794,15477.2181308411,270.103271028037,855.169439252336,1472.98682242991
"609",219.6845,3255.49018691589,383421.383364486,10094716.7982243,6535.39523364486,272.902242990654,1071.13093457944,3555.78504672897,42.0552336448598,445.803551401869,271.97214953271,257.018878504673,446.738037383178,2750.72654205607,3167.70775700935,124245.176168224,2204812.39803738,350.474579439252,-182.244112149533,501.885420560748,1665.53009345794,17279.1881308411,370.103271028037,1155.19943925234,372.906822429907
"610",219.9676,2255.32018691589,398684.033364486,10124726.1682243,4231.81523364486,72.9022429906542,2271.33093457944,2755.57504672897,242.06523364486,345.803551401869,271.97214953271,457.018878504673,346.738037383178,3250.82654205607,3467.77775700935,117090.046168224,2398055.37803738,450.484579439252,217.765887850467,401.885420560748,3365.83009345794,19281.6281308411,270.103271028037,555.159439252336,372.906822429907
"611",220.2506,1955.27018691589,452883.883364486,10630087.1182243,5133.17523364486,72.9022429906542,1471.18093457944,5656.54504672897,542.07523364486,545.813551401869,71.9621495327103,457.018878504673,146.728037383178,2650.71654205607,2967.66775700935,128882.626168224,2496804.39803738,350.474579439252,417.765887850467,501.885420560748,3065.76009345794,16478.2881308411,370.103271028037,455.149439252336,2373.11682242991
"612",220.5336,2555.36018691589,422579.633364486,10343037.8982243,4732.57523364486,72.9022429906542,2871.46093457944,4856.22504672897,142.05523364486,345.803551401869,71.9621495327103,1057.05887850467,246.738037383178,3050.78654205607,3467.77775700935,137858.966168224,2591631.93803738,350.474579439252,517.775887850467,601.895420560748,3465.85009345794,16678.5081308411,170.093271028037,155.139439252336,972.936822429907
"613",220.8166,3755.60018691589,459260.013364486,10792720.7182243,2028.70523364486,472.912242990654,2171.31093457944,4456.07504672897,242.06523364486,445.803551401869,171.96214953271,457.018878504673,846.758037383178,4151.04654205607,2967.66775700935,123539.586168224,2342443.65803738,250.474579439252,217.765887850467,1.86542056074762,3365.83009345794,16878.7281308411,170.093271028037,655.159439252336,1072.94682242991
"614",221.0997,1855.26018691589,399708.883364486,9927705.8582243,4031.52523364486,172.902242990654,2071.29093457944,4356.04504672897,342.06523364486,745.823551401869,171.96214953271,857.038878504673,146.728037383178,2150.63654205607,2567.57775700935,112959.696168224,2282868.84803738,1050.52457943925,617.775887850467,701.895420560748,2365.63009345794,17179.0781308411,470.103271028037,555.159439252336,972.936822429907
"615",221.3827,2355.33018691589,386698.073364486,9487456.6282243,-574.584766355139,672.922242990654,1271.16093457944,3255.70504672897,242.06523364486,645.813551401869,-28.0378504672897,757.038878504673,246.738037383178,2550.69654205607,3967.91775700935,121624.606168224,2340969.62803738,650.494579439252,317.765887850467,401.885420560748,2265.61009345794,17078.9581308411,270.103271028037,755.169439252336,972.936822429907
"616",221.6657,3255.49018691589,390692.403364486,9124068.3382243,4632.41523364486,-127.107757009346,1771.23093457944,5056.29504672897,642.07523364486,345.803551401869,571.98214953271,257.018878504673,846.758037383178,3950.99654205607,2967.66775700935,118198.376168224,2180531.92803738,50.4645794392524,217.765887850467,501.885420560748,2565.66009345794,15677.4281308411,170.093271028037,455.149439252336,1072.94682242991
"617",221.9487,2355.33018691589,367252.363364486,9408971.4682243,3931.37523364486,272.902242990654,1171.14093457944,3955.90504672897,342.06523364486,445.803551401869,71.9621495327103,957.048878504673,946.768037383178,5751.55654205608,3167.70775700935,101078.396168224,2039841.10803738,450.484579439252,317.765887850467,501.885420560748,2265.61009345794,14476.2181308411,470.103271028037,1055.18943925234,572.916822429907
"618",222.2318,3855.63018691589,384138.083364486,8494680.0382243,4231.81523364486,572.922242990654,2271.33093457944,3455.75504672897,542.07523364486,545.813551401869,471.97214953271,257.018878504673,646.748037383178,3050.78654205607,4167.97775700935,100373.856168224,2032735.05803738,350.474579439252,317.765887850467,601.895420560748,2665.68009345794,15377.1181308411,370.103271028037,955.179439252336,1372.97682242991
"619",222.5148,3555.56018691589,355698.263364486,9000016.7682243,4532.26523364486,772.932242990654,1771.23093457944,3955.90504672897,-157.94476635514,445.803551401869,271.97214953271,657.028878504673,646.748037383178,3350.85654205607,3667.83775700935,118097.616168224,2177110.83803738,-149.535420560748,517.775887850467,601.895420560748,3265.80009345794,18881.1181308411,-29.9067289719626,455.149439252336,772.926822429907
"620",222.7978,3755.60018691589,376665.283364486,9369686.3082243,3230.36523364486,472.912242990654,1871.25093457944,2855.59504672897,542.07523364486,345.803551401869,371.97214953271,857.038878504673,246.738037383178,2850.74654205607,3867.88775700935,105507.656168224,2222848.92803738,450.484579439252,517.775887850467,301.875420560748,3265.80009345794,15277.0181308411,170.093271028037,555.159439252336,472.906822429907
"621",223.0808,3855.63018691589,391409.443364486,9299154.2782243,5233.33523364486,172.902242990654,771.090934579439,2755.57504672897,242.06523364486,145.793551401869,271.97214953271,1457.08887850467,646.748037383178,4651.18654205608,3267.72775700935,105608.346168224,2051063.56803738,350.474579439252,-82.2441121495327,901.915420560748,2865.72009345794,13675.4681308411,470.103271028037,755.169439252336,972.936822429907
"622",223.3638,2755.40018691589,364593.183364486,7996933.9382243,4331.96523364486,872.932242990654,1771.23093457944,5156.33504672897,542.07523364486,145.793551401869,371.97214953271,1257.06887850467,1146.77803738318,3750.94654205607,6068.64775700935,81363.1761682243,1710719.22803738,150.474579439252,517.775887850467,601.895420560748,2865.72009345794,13475.2881308411,70.0932710280374,955.179439252336,872.926822429907
"623",223.6469,3755.60018691589,314762.273364486,7512852.6782243,5633.95523364486,-27.1077570093458,2171.31093457944,3455.75504672897,142.05523364486,445.803551401869,171.96214953271,1157.05887850467,646.748037383178,3750.94654205607,2667.59775700935,95644.1861682243,1708980.94803738,250.474579439252,117.755887850467,601.895420560748,2565.66009345794,14976.7081308411,3070.43327102804,655.159439252336,1673.00682242991
"624",223.9299,3355.51018691589,331797.973364486,8159409.7182243,1628.17523364486,72.9022429906542,2871.46093457944,3955.90504672897,642.07523364486,245.803551401869,271.97214953271,1257.06887850467,1146.77803738318,4051.01654205607,3067.68775700935,96851.6261682243,1822609.85803738,350.474579439252,717.785887850467,901.915420560748,2765.70009345794,16278.0681308411,670.113271028037,1155.19943925234,1472.98682242991
"625",224.2129,2455.35018691589,321288.843364486,7846449.5582243,2929.94523364486,272.902242990654,1271.16093457944,3955.90504672897,242.06523364486,445.803551401869,371.97214953271,757.038878504673,746.758037383178,3850.96654205607,2867.63775700935,85083.0361682243,1722609.06803738,350.474579439252,517.775887850467,501.885420560748,1965.57009345794,16678.5081308411,270.103271028037,655.159439252336,672.916822429907
"626",224.496,3455.54018691589,317413.373364486,7339343.2982243,526.755233644861,472.912242990654,971.110934579439,4356.04504672897,342.06523364486,145.793551401869,371.97214953271,557.028878504673,446.738037383178,2850.74654205607,3067.68775700935,102990.876168224,1827296.17803738,450.484579439252,417.765887850467,801.905420560748,1865.55009345794,14276.0281308411,370.103271028037,655.159439252336,1072.94682242991
"627",224.779,3155.47018691589,315577.953364486,8007325.3482243,1828.43523364486,272.902242990654,1871.25093457944,3155.67504672897,142.05523364486,245.803551401869,171.96214953271,1057.05887850467,546.748037383178,2950.76654205607,3167.70775700935,85183.5861682243,1642730.94803738,550.484579439252,817.785887850467,201.875420560748,1865.55009345794,13875.6481308411,70.0932710280374,255.149439252336,972.936822429907
"628",225.062,2855.41018691589,293263.523364486,7684531.5882243,2629.52523364486,572.922242990654,871.100934579439,2555.52504672897,42.0552336448598,-54.2064485981308,271.97214953271,1357.07887850467,546.748037383178,4251.07654205607,3367.75775700935,77543.7061682243,2069364.34803738,650.494579439252,317.765887850467,1101.92542056075,2765.70009345794,12674.5881308411,70.0932710280374,555.159439252336,1072.94682242991
"629",225.345,2955.43018691589,288173.193364486,6917887.8182243,2829.80523364486,272.902242990654,2171.31093457944,4055.94504672897,342.06523364486,845.823551401869,371.97214953271,1157.05887850467,446.738037383178,3750.94654205607,3267.72775700935,81363.1761682243,1526223.41803738,950.514579439252,517.775887850467,1101.92542056075,2665.68009345794,14676.4181308411,270.103271028037,1155.19943925234,772.926822429907
"630",225.628,3655.58018691589,285832.153364486,7713777.6782243,4131.67523364486,272.902242990654,1471.18093457944,4556.11504672897,42.0552336448598,245.803551401869,371.97214953271,39706.7788785047,346.738037383178,4751.22654205608,2867.63775700935,84379.2161682243,1777539.34803738,550.484579439252,317.765887850467,801.905420560748,2665.68009345794,14175.9381308411,-29.9067289719626,155.139439252336,972.936822429907
"631",225.9111,4255.73018691589,325981.393364486,8728669.8882243,1227.65523364486,472.912242990654,1571.20093457944,4856.22504672897,342.06523364486,545.813551401869,171.96214953271,457.018878504673,746.758037383178,4251.07654205607,2467.55775700935,79553.8361682243,1646471.76803738,750.494579439252,117.755887850467,601.895420560748,2065.58009345794,12174.1681308411,270.103271028037,455.149439252336,672.916822429907
"632",226.1941,2955.43018691589,329858.883364486,8374241.7582243,226.385233644858,572.922242990654,1371.17093457944,4356.04504672897,342.06523364486,545.813551401869,671.98214953271,1157.05887850467,446.738037383178,4351.10654205608,3067.68775700935,88099.7761682243,1746458.48803738,550.484579439252,317.765887850467,-98.1345794392524,1765.54009345794,16378.1781308411,270.103271028037,1255.20943925234,972.936822429907
"633",226.4771,3155.47018691589,320778.833364486,8356187.8482243,4932.87523364486,172.902242990654,2071.29093457944,2655.54504672897,442.06523364486,345.803551401869,271.97214953271,1157.05887850467,646.748037383178,5651.52654205608,4167.97775700935,82971.6661682243,1691180.74803738,1050.52457943925,217.765887850467,201.875420560748,2965.74009345794,10572.9481308411,770.123271028037,455.149439252336,572.916822429907
"634",226.7601,3755.60018691589,329450.683364486,8294252.6982243,1027.39523364486,-27.1077570093458,1971.27093457944,4256.00504672897,142.05523364486,545.813551401869,271.97214953271,657.028878504673,446.738037383178,4251.07654205607,3967.91775700935,87094.1361682243,1766803.60803738,450.484579439252,417.765887850467,601.895420560748,2365.63009345794,14676.4181308411,270.103271028037,555.159439252336,672.916822429907
"635",227.0432,3255.49018691589,347012.493364486,8556505.8282243,2128.84523364486,372.912242990654,1871.25093457944,2455.50504672897,542.07523364486,345.803551401869,-28.0378504672897,1857.13887850467,1046.77803738318,4951.28654205607,3167.70775700935,79553.8361682243,1622636.31803738,1150.52457943925,117.755887850467,701.895420560748,2665.68009345794,11073.3181308411,470.103271028037,455.149439252336,1472.98682242991
"636",227.3262,4655.84018691589,335064.323364486,7882715.9682243,2629.52523364486,772.932242990654,2071.29093457944,3955.90504672897,442.06523364486,645.813551401869,171.96214953271,1557.09887850467,746.758037383178,7152.14654205608,4668.12775700935,89407.2161682243,1933596.57803738,250.474579439252,517.775887850467,901.915420560748,2165.60009345794,14075.8381308411,770.123271028037,555.159439252336,2073.06682242991
"637",227.6092,4755.87018691589,352325.583364486,8916244.8982243,2228.97523364486,372.912242990654,1071.13093457944,3555.78504672897,142.05523364486,345.803551401869,671.98214953271,1257.06887850467,846.758037383178,4551.16654205607,4268.00775700935,88803.7761682243,1751993.24803738,350.474579439252,517.775887850467,201.875420560748,2065.58009345794,11573.6881308411,570.113271028037,655.159439252336,872.926822429907
"638",227.8922,3355.51018691589,278607.633364486,8162744.0982243,4932.87523364486,872.932242990654,1871.25093457944,3755.84504672897,342.06523364486,245.803551401869,-28.0378504672897,1257.06887850467,746.758037383178,4751.22654205608,4768.16775700935,85585.7861682243,1641827.03803738,750.494579439252,617.775887850467,501.885420560748,2065.58009345794,13275.1081308411,-29.9067289719626,1855.27943925234,1072.94682242991
"639",228.1752,4055.68018691589,338229.223364486,7800798.7782243,2629.52523364486,272.902242990654,1671.22093457944,4155.97504672897,142.05523364486,345.803551401869,171.96214953271,1057.05887850467,1146.77803738318,6251.75654205607,3467.77775700935,81966.3361682243,1703627.03803738,850.504579439252,317.765887850467,701.895420560748,1865.55009345794,13675.4681308411,-29.9067289719626,355.149439252336,1072.94682242991
"640",228.4583,2155.30018691589,312825.193364486,7990216.7482243,2329.11523364486,372.912242990654,2171.31093457944,4256.00504672897,42.0552336448598,945.833551401869,-28.0378504672897,1657.10887850467,946.768037383178,5351.41654205607,3167.70775700935,94537.4461682243,1940591.49803738,650.494579439252,317.765887850467,101.875420560748,2265.61009345794,16678.5081308411,570.113271028037,1155.19943925234,772.926822429907
"641",228.7413,5556.13018691589,322818.873364486,8128988.6282243,4231.81523364486,572.922242990654,1671.22093457944,3755.84504672897,142.05523364486,145.793551401869,271.97214953271,1157.05887850467,546.748037383178,5851.59654205608,3867.88775700935,90010.6861682243,1854538.75803738,750.494579439252,817.785887850467,1101.92542056075,2965.74009345794,14276.0281308411,70.0932710280374,1455.22943925234,772.926822429907
"642",229.0243,6156.35018691589,368786.713364486,9084104.2782243,14550.4052336449,272.902242990654,1471.18093457944,5256.37504672897,442.06523364486,845.823551401869,71.9621495327103,2357.20887850467,846.758037383178,3850.96654205607,3467.77775700935,101380.346168224,2179586.22803738,650.494579439252,517.775887850467,501.885420560748,2365.63009345794,16077.8481308411,170.093271028037,355.149439252336,1372.97682242991
"643",229.3074,3455.54018691589,375744.233364486,9368194.9082243,3831.23523364486,172.902242990654,871.100934579439,5856.62504672897,342.06523364486,1145.84355140187,171.96214953271,1257.06887850467,646.748037383178,4151.04654205607,3367.75775700935,105809.696168224,2166180.56803738,350.474579439252,417.765887850467,401.885420560748,2465.64009345794,14476.2181308411,170.093271028037,955.179439252336,272.906822429907
"644",229.5904,3655.58018691589,374516.213364486,9302598.0282243,4932.87523364486,272.902242990654,971.110934579439,4356.04504672897,42.0552336448598,545.813551401869,471.97214953271,1157.05887850467,1346.79803738318,3550.89654205607,2667.59775700935,90312.4361682243,1795255.94803738,950.514579439252,517.775887850467,601.895420560748,1365.49009345794,13375.1981308411,470.103271028037,555.159439252336,72.8968224299066
"645",229.8734,3855.63018691589,329246.583364486,7882522.2182243,6134.75523364486,772.932242990654,671.080934579439,3155.67504672897,242.06523364486,445.803551401869,71.9621495327103,1357.07887850467,846.758037383178,4751.22654205608,2367.53775700935,94235.6161682243,1890653.60803738,550.484579439252,417.765887850467,201.875420560748,2865.72009345794,15777.5281308411,170.093271028037,855.169439252336,472.906822429907
"646",230.1564,3355.51018691589,345173.723364486,8605127.6982243,2929.94523364486,-127.107757009346,871.100934579439,2955.62504672897,442.06523364486,545.813551401869,571.98214953271,1157.05887850467,946.768037383178,3450.87654205607,3467.77775700935,81363.1761682243,1907230.16803738,-49.5354205607476,317.765887850467,1001.92542056075,1665.53009345794,11573.6881308411,270.103271028037,255.149439252336,272.906822429907
"647",230.4394,3255.49018691589,321594.823364486,7871548.7782243,4331.96523364486,372.912242990654,771.090934579439,3655.81504672897,542.07523364486,545.813551401869,271.97214953271,2157.17887850467,846.758037383178,3850.96654205607,3667.83775700935,94638.0461682243,1909552.43803738,350.474579439252,117.755887850467,801.905420560748,1465.50009345794,16478.2881308411,370.103271028037,255.149439252336,3173.27682242991
"648",230.7225,4555.81018691589,386493.233364486,11913113.7082243,3430.65523364486,272.902242990654,1371.17093457944,3955.90504672897,342.06523364486,245.803551401869,171.96214953271,1357.07887850467,1046.77803738318,4451.13654205608,2767.61775700935,102890.216168224,2020302.82803738,250.474579439252,717.785887850467,1001.92542056075,3765.92009345794,14175.9381308411,470.103271028037,955.179439252336,672.916822429907
"649",231.0055,6156.35018691589,363161.473364486,8751550.3582243,4031.52523364486,372.912242990654,1171.14093457944,4656.14504672897,242.06523364486,545.813551401869,371.97214953271,1857.13887850467,1246.78803738318,4951.28654205607,3367.75775700935,94738.6661682243,1899873.52803738,650.494579439252,217.765887850467,801.905420560748,1965.57009345794,13675.4681308411,570.113271028037,855.169439252336,1272.96682242991
